edge_index;vertex_1_index;vertex_2_index;probabilitycurrent
0;0;2467;-0.003198346442621264
1;0;2468;0.0031983464426212646
2;1;2469;-0.0053537301822147165
3;1;2470;0.005353730182214716
4;2;2467;0.003198346442621264
5;2;2470;-0.003176684159149106
6;2;2471;-2.1662283472158026e-05
7;3;2468;-0.0031983464426212646
8;3;2471;-2.1662283472158023e-05
9;3;2472;0.0032200087260934223
10;4;2472;-0.0054404297660364
11;4;2473;0.005440429766036401
12;5;2474;-0.0069419834229247366
13;5;2475;0.006941983422924737
14;6;2469;0.005353730182214716
15;6;2475;-0.005298374600529197
16;6;2476;-5.5355581685517897e-05
17;7;2470;-0.002177046023065609
18;7;2476;-2.2509847314174374e-05
19;7;2477;0.0021995558703797836
20;8;2471;4.332456694431605e-05
21;8;2477;-0.006419059787040901
22;8;2478;0.006375735220096584
23;9;2472;0.002220421039942978
24;9;2478;-0.00219825749431792
25;9;2479;-2.2163545625058424e-05
26;10;2473;-0.005440429766036401
27;10;2479;-5.430466167018947e-05
28;10;2480;0.00549473442770659
29;11;2480;-0.007222582134018078
30;11;2481;0.007222582134018079
31;12;2482;-0.008177450318948004
32;12;2483;0.008177450318948004
33;13;2474;0.006941983422924737
34;13;2483;-0.006849952043746366
35;13;2484;-9.203137917837097e-05
36;14;2475;-0.0016436088223955399
37;14;2484;-2.1789678473630035e-05
38;14;2485;0.0016653985008691697
39;15;2476;7.786542899969228e-05
40;15;2485;-0.007551715630145507
41;15;2486;0.007473850201145813
42;16;2477;0.004219503916661116
43;16;2486;-0.004144752994304663
44;16;2487;-7.475092235645443e-05
45;17;2478;-0.0041774777257786635
46;17;2487;-7.450929468033592e-05
47;17;2488;0.0042519870204589996
48;18;2479;7.646820729524788e-05
49;18;2488;-0.007719657287170575
50;18;2489;0.007643189079875328
51;19;2480;0.001727847706311488
52;19;2489;-0.0017068272224410167
53;19;2490;-2.1020483870471277e-05
54;20;2481;-0.007222582134018078
55;20;2490;-8.786779685310487e-05
56;20;2491;0.007310449930871184
57;21;2491;-0.008760890936345505
58;21;2492;0.008760890936345505
59;22;2493;-0.009164651645287965
60;22;2494;0.009164651645287965
61;23;2482;0.008177450318948006
62;23;2494;-0.008046905646976629
63;23;2495;-0.00013054467197137846
64;24;2483;-0.001327498275201639
65;24;2495;-2.1192158939470346e-05
66;24;2496;0.0013486904341411094
67;25;2484;0.00011382105765200099
68;25;2496;-0.008607014392771967
69;25;2497;0.008493193335119966
70;26;2485;0.005886317129276338
71;26;2497;-0.005746781727647227
72;26;2498;-0.00013953540162911298
73;27;2486;-0.0033290972068411506
74;27;2498;-7.973857414238797e-05
75;27;2499;0.0034088357809835385
76;28;2487;0.00014926021703679036
77;28;2499;-0.0084743377749696
78;28;2500;0.00832507755793281
79;29;2488;0.0034676702667115755
80;29;2500;-0.0033892260531115945
81;29;2501;-7.844421359998102e-05
82;30;2489;-0.005936361857434309
83;30;2501;-0.00013563347907705948
84;30;2502;0.0060719953365113676
85;31;2490;0.00010888828072357616
86;31;2502;-0.009043552331680464
87;31;2503;0.008934664050956888
88;32;2491;0.0014504410054743226
89;32;2503;-0.0014304832810241009
90;32;2504;-1.995772445022143e-05
91;33;2492;-0.008760890936345507
92;33;2504;-0.00012054778276821226
93;33;2505;0.008881438719113718
94;34;2505;-0.010159615155010742
95;34;2506;0.010159615155010742
96;35;2507;-0.009958986527513846
97;35;2508;0.009958986527513845
98;36;2493;0.009164651645287965
99;36;2508;-0.008993830728181966
100;36;2509;-0.00017082091710599918
101;37;2494;-0.001117745998311338
102;37;2509;-2.0833786587106432e-05
103;37;2510;0.0011385797848984442
104;38;2495;0.0001517368309108488
105;38;2510;-0.009527547272445471
106;38;2511;0.009375810441534616
107;39;2496;0.007258323958630858
108;39;2511;-0.00704720787349721
109;39;2512;-0.00021111608513364838
110;40;2497;-0.0027464116074727395
111;40;2512;-8.09528458438871e-05
112;40;2513;0.0028273644533166266
113;41;2498;0.00021927397577150084
114;41;2513;-0.009297015482692952
115;41;2514;0.00907774150692145
116;42;2499;0.005065501993986056
117;42;2514;-0.004905413219023784
118;42;2515;-0.00016008877496227145
119;43;2500;-0.004935851504821216
120;43;2515;-0.0001587881022648808
121;43;2516;0.005094639607086095
122;44;2501;0.00021407769267704053
123;44;2516;-0.0095469010225244
124;44;2517;0.009332823329847369
125;45;2502;0.0029715569951690966
126;45;2517;-0.002893751053235429
127;45;2518;-7.780594193366764e-05
128;46;2503;-0.007504180769932788
129;46;2518;-0.00019888078071086766
130;46;2519;0.007703061550643655
131;47;2504;0.00014050550721843362
132;47;2519;-0.010337730162686166
133;47;2520;0.010197224655467733
134;48;2505;0.0012781764358970242
135;48;2520;-0.0012590858705357594
136;48;2521;-1.9090565361263263e-05
137;49;2506;-0.01015961515501074
138;49;2521;-0.00015174180317750679
139;49;2522;0.010311356958188248
140;50;2522;-0.011473503464745165
141;50;2523;0.011473503464745165
142;51;2524;-0.010591996621311748
143;51;2525;0.010591996621311748
144;52;2507;0.009958986527513846
145;52;2525;-0.009745971469875032
146;52;2526;-0.00021301505763881342
147;53;2508;-0.0009651557993318801
148;53;2526;-2.064393978816231e-05
149;53;2527;0.0009857997391200424
150;54;2509;0.0001916547036931056
151;54;2527;-0.010306576165809673
152;54;2528;0.010114921462116568
153;55;2510;0.008388967487547022
154;55;2528;-0.008101329310877712
155;55;2529;-0.0002876381766693095
156;56;2511;-0.0023286025680374065
157;56;2529;-8.113452201108067e-05
158;56;2530;0.0024097370900484872
159;57;2512;0.00029206893097753544
160;57;2530;-0.010089169296655183
161;57;2531;0.009797100365677647
162;58;2513;0.006469651029376324
163;58;2531;-0.0062136012400780104
164;58;2532;-0.0002560497892983134
165;59;2514;-0.004172328287897666
166;59;2532;-0.00016911720089073223
167;59;2533;0.004341445488788398
168;60;2515;0.00031887687722715214
169;60;2533;-0.010167018741837442
170;60;2534;0.00984814186461029
171;61;2516;0.004452261415438306
172;61;2534;-0.00428564718118212
173;61;2535;-0.00016661423425618502
174;62;2517;-0.006439072276611937
175;62;2535;-0.0002464927333050233
176;62;2536;0.006685565009916966
177;63;2518;0.00027668672264453525
178;63;2536;-0.010684434404763021
179;63;2537;0.010407747682118485
180;64;2519;0.0026346686120425123
181;64;2537;-0.002558726584691345
182;64;2538;-7.594202735116686e-05
183;65;2520;-0.008938138784931984
184;65;2538;-0.0002611839512717953
185;65;2539;0.00919932273620378
186;66;2521;0.00017083236853877002
187;66;2539;-0.011596194312506254
188;66;2540;0.011425361943967479
189;67;2522;0.0011621465065569155
190;67;2540;-0.0011438000331232356
191;67;2541;-1.83464734336799e-05
192;68;2523;-0.011473503464745165
193;68;2541;-0.00018112890700056706
194;68;2542;0.011654632371745733
195;69;2542;-0.012733204543656534
196;69;2543;0.012733204543656534
197;70;2544;-0.011082619537594603
198;70;2545;0.011082619537594601
199;71;2524;0.010591996621311748
200;71;2545;-0.010334646090525576
201;71;2546;-0.0002573505307861733
202;72;2525;-0.0008460251514367165
203;72;2546;-2.055561661930816e-05
204;72;2547;0.0008665807680560246
205;73;2526;0.00023365899742697573
206;73;2547;-0.010950226761894083
207;73;2548;0.010716567764467104
208;74;2527;0.009320776426689631
209;74;2548;-0.008952187737630101
210;74;2549;-0.00036858868905953056
211;75;2528;-0.0020135921512388568
212;75;2549;-8.113594983759181e-05
213;75;2550;0.0020947281010764486
214;76;2529;0.0003687726986803902
215;76;2550;-0.010804997474183939
216;76;2551;0.01043622477550355
217;77;2530;0.007679432206606697
218;77;2551;-0.007317282013702568
219;77;2552;-0.000362150192904124
220;78;2531;-0.003583499125599636
221;78;2552;-0.00017403025849954985
222;78;2553;0.0037575293840991864
223;79;2532;0.00042516699018904576
224;79;2553;-0.010818662615945173
225;79;2554;0.010393495625756127
226;80;2533;0.005825573253049045
227;80;2554;-0.005547460212027028
228;80;2555;-0.0002781130410220175
229;81;2534;-0.005562494683428171
230;81;2555;-0.00027415212922589057
231;81;2556;0.005836646812654061
232;82;2535;0.00041310696756120834
233;82;2556;-0.011149634689187775
234;82;2557;0.010736527721626556
235;83;2536;0.003998869394846055
236;83;2557;-0.003831815186781251
237;83;2558;-0.00016705420806480402
238;84;2537;-0.007849021097427142
239;84;2558;-0.00033661268532029565
240;84;2559;0.008185633782747436
241;85;2538;0.00033712597862296226
242;85;2559;-0.011845972743878401
243;85;2560;0.011508846765255437
244;86;2539;0.0023968715763024737
245;86;2560;-0.0023231378744614506
246;86;2561;-7.373370184102291e-05
247;87;2540;-0.010281561910844244
248;87;2561;-0.00032101541329661624
249;87;2562;0.010602577324140858
250;88;2541;0.00019947538043424694
251;88;2562;-0.012824462261625875
252;88;2563;0.012624986881191624
253;89;2542;0.0010785721719108014
254;89;2563;-0.0010609136371971725
255;89;2564;-1.7658534713627447e-05
256;90;2543;-0.012733204543656534
257;90;2564;-0.00020846980879502317
258;90;2565;0.012941674352451556
259;91;2565;-0.013956505423880522
260;91;2566;0.013956505423880522
261;92;2567;-0.011442570932349407
262;92;2568;0.011442570932349405
263;93;2544;0.011082619537594601
264;93;2568;-0.010778523326545275
265;93;2569;-0.00030409621104932484
266;94;2545;-0.0007479734470690247
267;94;2569;-2.0523657827250534e-05
268;94;2570;0.0007684971048962752
269;95;2546;0.00027790614740548145
270;95;2570;-0.011466338253037351
271;95;2571;0.011188432105631871
272;96;2547;0.010083645993838063
273;96;2571;-0.009629641744825754
274;96;2572;-0.0004540042490123064
275;97;2548;-0.0017643800268370034
276;97;2572;-8.117117974494445e-05
277;97;2573;0.0018455512065819481
278;98;2549;0.00044972463889712225
279;98;2573;-0.011425305619270347
280;98;2574;0.010975580980373222
281;99;2550;0.008710269373107492
282;99;2574;-0.008233757815414772
283;99;2575;-0.00047651155769271947
284;100;2551;-0.003118942761800981
285;100;2575;-0.00017665685835704356
286;100;2576;0.003295599620158025
287;101;2552;0.0005361804514036742
288;101;2576;-0.01144719518284001
289;101;2577;0.010911014731436346
290;102;2553;0.0070611332318459875
291;102;2577;-0.006655044317959994
292;102;2578;-0.0004060889138859929
293;103;2554;-0.0048460354137291
294;103;2578;-0.000290098344777579
295;103;2579;0.005136133758506679
296;104;2555;0.0005522651702479074
297;104;2579;-0.011675358866733026
298;104;2580;0.011123093696485117
299;105;2556;0.005312987876533714
300;105;2580;-0.005026260290050962
301;105;2581;-0.00028672758648275144
302;106;2557;-0.0069047125348453055
303;106;2581;-0.00038696621077737535
304;106;2582;0.007291678745622683
305;107;2558;0.0005036668933851001
306;107;2582;-0.012200354886840079
307;107;2583;0.01169668799345498
308;108;2559;0.003660338961130966
309;108;2583;-0.0034955777988902384
310;108;2584;-0.00016476116224072772
311;109;2560;-0.009185708890793984
312;109;2584;-0.00042558385240340225
313;109;2585;0.009611292743197384
314;110;2561;0.00039474911513763907
315;110;2585;-0.013013653510583246
316;110;2586;0.012618904395445607
317;111;2562;0.0022218849374850158
318;111;2586;-0.0021504853407348194
319;111;2587;-7.139959675019633e-05
320;112;2563;-0.011564073243994454
321;112;2587;-0.0003774794001824991
322;112;2588;0.011941552644176965
323;113;2564;0.0002261283435086506
324;113;2588;-0.014029116887898315
325;113;2589;0.013802988544389671
326;114;2565;0.001014831071428966
327;114;2589;-0.0009978484392418837
328;114;2590;-1.698263218708206e-05
329;115;2566;-0.013956505423880522
330;115;2590;-0.00023355433717361202
331;115;2591;0.014190059761054134
332;116;2591;-0.015153715835486126
333;116;2592;0.015153715835486125
334;117;2593;-0.011679086165717188
335;117;2594;0.01167908616571719
336;118;2567;0.011442570932349407
337;118;2594;-0.011088989534378372
338;118;2595;-0.00035358139797103617
339;119;2568;-0.0006640476058041305
340;119;2595;-2.05194166737261e-05
341;119;2596;0.0006845670224778566
342;120;2569;0.0003246198688765754
343;120;2596;-0.011861513674228826
344;120;2597;0.011536893805352251
345;121;2570;0.010697841148141075
346;121;2597;-0.010153656604761568
347;121;2598;-0.000544184543379507
348;122;2571;-0.0015587903608061163
349;122;2598;-8.126308161206639e-05
350;122;2599;0.0016400534424181826
351;123;2572;0.000535175428757251
352;123;2599;-0.011943088953716263
353;123;2600;0.011407913524959012
354;124;2573;0.009579754412688395
355;124;2600;-0.008981320382236839
356;124;2601;-0.0005984340304515568
357;125;2574;-0.0027418231649584505
358;125;2601;-0.00017829602270743103
359;125;2602;0.0029201191876658816
360;126;2575;0.0006531684160497631
361;126;2602;-0.012020179766338887
362;126;2603;0.011367011350289127
363;127;2576;0.008151595562681989
364;127;2603;-0.007604309773378514
365;127;2604;-0.0005472857893034753
366;128;2577;-0.004255970413476352
367;128;2604;-0.0002997809925832105
368;128;2605;0.004555751406059562
369;129;2578;0.0006961872586635715
370;129;2605;-0.012212857979689039
371;129;2606;0.011516670721025468
372;130;2579;0.006539225108226349
373;130;2606;-0.006109927999975388
374;130;2607;-0.00042929710825095896
375;131;2580;-0.006096833406434155
376;131;2607;-0.0004201270516065768
377;131;2608;0.006516960458040734
378;132;2581;0.0006736937972601268
379;132;2608;-0.012623471462790744
380;132;2609;0.011949777665530615
381;133;2582;0.004908676141217396
382;133;2609;-0.004620693632617378
383;133;2610;-0.00028798250860001843
384;134;2583;-0.008201110194564739
385;134;2610;-0.0005018615649657363
386;134;2611;0.008702971759530484
387;135;2584;0.0005903450146441305
388;135;2611;-0.013291223240714845
389;135;2612;0.012700878226070732
390;136;2585;0.00340236076738586
391;136;2612;-0.0032412426886680645
392;136;2613;-0.00016111807871779536
393;137;2586;-0.010468419054710788
394;137;2613;-0.0005112373808546882
395;137;2614;0.010979656435565473
396;138;2587;0.00044887899693269535
397;138;2614;-0.014180046800215354
398;138;2615;0.013731167803282665
399;139;2588;0.0020875642437213505
400;139;2615;-0.0020186010628031642
401;139;2616;-6.89631809181864e-05
402;140;2589;-0.012805140105147786
403;140;2616;-0.0004299510127226151
404;140;2617;0.013235091117870398
405;141;2590;0.00025053696936069413
406;141;2617;-0.015215071561420226
407;141;2618;0.014964534592059528
408;142;2591;0.0009636560744319903
409;142;2618;-0.0009473646390607585
410;142;2619;-1.629143537123085e-05
411;143;2592;-0.015153715835486125
412;143;2619;-0.0002561866092250144
413;143;2620;0.015409902444711139
414;144;2620;-0.016330459036839932
415;144;2621;0.016330459036839932
416;145;2622;-0.011796373686395356
417;145;2623;0.011796373686395356
418;146;2593;0.011679086165717188
419;146;2623;-0.01127285681829759
420;146;2624;-0.00040622934741959855
421;147;2594;-0.0005900966313388179
422;147;2624;-2.0525113528739087e-05
423;147;2625;0.0006106217448675571
424;148;2595;0.0003741008146447623
425;148;2625;-0.012140605561100064
426;148;2626;0.011766504746455301
427;149;2596;0.011176946651750973
428;149;2626;-0.010537341006647894
429;149;2627;-0.0006396056451030744
430;150;2597;-0.0013832372005906824
431;150;2627;-8.138361728610463e-05
432;150;2628;0.0014646208178767872
433;151;2598;0.0006254476249915733
434;151;2628;-0.01235650813910759
435;151;2629;0.011731060514116019
436;152;2599;0.010303035511298084
437;152;2629;-0.009575177012372907
438;152;2630;-0.0007278584989251762
439;153;2600;-0.0024265931427221725
440;153;2630;-0.0001794688885762703
441;153;2631;0.0026060620312984427
442;154;2601;0.0007767300531589878
443;154;2631;-0.012519350511830306
444;154;2632;0.011742620458671315
445;155;2602;0.009100060578673002
446;155;2632;-0.00840001913965982
447;155;2633;-0.0007000414390131848
448;156;2603;-0.003762701576910614
449;156;2633;-0.00030608631295099656
450;156;2634;0.0040687878898616105
451;157;2604;0.0008470667818866857
452;157;2634;-0.012727073568261357
453;157;2635;0.011880006786374669
454;158;2605;0.007657106573629481
455;158;2635;-0.007066555998098415
456;158;2636;-0.0005905505755310704
457;159;2606;-0.005406742721050078
458;159;2636;-0.00044219972332629643
459;159;2637;0.005848942444376375
460;160;2607;0.0008494241598575358
461;160;2637;-0.013078091822833517
462;160;2638;0.012228667662975996
463;161;2608;0.00610651100475001
464;161;2638;-0.00566739180099486
465;161;2639;-0.0004391192037551497
466;162;2609;-0.0073290840329132394
467;162;2639;-0.0005567471018559189
468;162;2640;0.007885831134769157
469;163;2610;0.0007898440735657549
470;163;2640;-0.013635786710188457
471;163;2641;0.012845942636622705
472;164;2611;0.004588251481184362
473;164;2641;-0.004303166895540354
474;164;2642;-0.0002850845856440077
475;165;2612;-0.009459635537402672
476;165;2642;-0.0006150807382873889
477;165;2643;0.01007471627569008
478;166;2613;0.0006723554595724833
479;166;2643;-0.014405377102292088
480;166;2644;0.013733021642719582
481;167;2614;0.0032003903646498815
482;167;2644;-0.0030437149214913696
483;167;2645;-0.0001566754431585119
484;168;2615;-0.011712566740479501
485;168;2645;-0.0005921343369077877
486;168;2646;0.012304701077387297
487;169;2616;0.0004989141936408015
488;169;2646;-0.015341861613103528
489;169;2647;0.014842947419462725
490;170;2617;0.001979980443549828
491;170;2647;-0.0019135826777342154
492;170;2648;-6.63977658156125e-05
493;171;2618;-0.014017169952998771
494;171;2648;-0.00047792933646901496
495;171;2649;0.014495099289467791
496;172;2619;0.00027247804459624525
497;172;2649;-0.016385141264537786
498;172;2650;0.01611266321994154
499;173;2620;0.0009205565921287953
500;173;2650;-0.000904988049618046
501;173;2651;-1.5568542510749375e-05
502;174;2621;-0.016330459036839936
503;174;2651;-0.0002761823096037563
504;174;2652;0.01660664134644369
505;175;2652;-0.017489235543166223
506;175;2653;0.017489235543166223
507;176;2654;-0.011796373686395353
508;176;2655;0.011796373686395353
509;177;2622;0.011796373686395356
510;177;2655;-0.011333764201622291
511;177;2656;-0.0004626094847730662
512;178;2623;-0.0005235168680977663
513;178;2656;-2.053036594627595e-05
514;178;2657;0.0005440472340440422
515;179;2624;0.00042675446094833766
516;179;2657;-0.01230684391132355
517;179;2658;0.011880089450375213
518;180;2625;0.011529983816232506
519;180;2658;-0.010789060808556006
520;180;2659;-0.0007409230076765021
521;181;2626;-0.0012291637398074062
522;181;2659;-8.149800891037776e-05
523;181;2660;0.0013106617487177842
524;182;2627;0.0007209892623891792
525;182;2660;-0.012665677577402317
526;182;2661;0.011944688315013137
527;183;2628;0.010891887321230802
528;183;2661;-0.01002676764739497
529;183;2662;-0.0008651196738358327
530;184;2629;-0.0021558835017431114
531;184;2662;-0.00018036689216611274
532;184;2663;0.002336250393909224
533;185;2630;0.0009073273875014466
534;185;2663;-0.012934748018063668
535;185;2664;0.012027420630562221
536;186;2631;0.009913288480531858
537;186;2664;-0.00904962635869291
538;186;2665;-0.0008636621218389461
539;187;2632;-0.003342601319011495
540;187;2665;-0.00031047560600890836
541;187;2666;0.003653076925020403
542;188;2633;0.0010061277519641814
543;188;2666;-0.013194225198024843
544;188;2667;0.012188097446060664
545;189;2634;0.008658285678399751
546;189;2667;-0.007890300808263456
547;189;2668;-0.0007679848701362929
548;190;2635;-0.004813450788276254
549;190;2668;-0.0004573926219485576
550;190;2669;0.0052708434102248115
551;191;2636;0.0010327502988573666
552;191;2669;-0.013532237617211099
553;191;2670;0.012499487318353732
554;192;2637;0.007229149378457144
555;192;2670;-0.006614929020639856
556;192;2671;-0.0006142203578172882
557;193;2638;-0.006561275861981113
558;193;2671;-0.000596198041887691
559;193;2672;0.007157473903868803
560;194;2639;0.0009958663056110696
561;194;2672;-0.014020817019249641
562;194;2673;0.013024950713638562
563;195;2640;0.0057499555754193
564;195;2673;-0.0053094560641599444
565;195;2674;-0.0004404995112593553
566;196;2641;-0.00854277574108235
567;196;2674;-0.0006946949924411261
568;196;2675;0.009237470733523476
569;197;2642;0.0009001653239313963
570;197;2675;-0.014692334358047269
571;197;2676;0.013792169034115877
572;198;2643;0.00433066082660201
573;198;2676;-0.004051014206170696
574;198;2677;-0.0002796466204313143
575;199;2644;-0.010689306721228219
576;199;2677;-0.000724041517354502
577;199;2678;0.01141334823858273
578;200;2645;0.0007488097800662996
579;200;2678;-0.015532382576864198
580;200;2679;0.01478357279679789
581;201;2646;0.0030371605357162297
582;201;2679;-0.0028855248742222657
583;201;2680;-0.00015163566149396424
584;202;2647;-0.01292936474172851
585;202;2680;-0.0006672194552863251
586;202;2681;0.013596584197014832
587;203;2648;0.0005443271022846274
588;203;2681;-0.016497052346927367
589;203;2682;0.015952725244642734
590;204;2649;0.0018900419750699947
591;204;2682;-0.0018263704463866198
592;204;2683;-6.367152868337476e-05
593;205;2650;-0.015207675170323492
594;205;2683;-0.0005209781574757557
595;205;2684;0.015728653327799245
596;206;2651;0.00029175085211450566
597;206;2684;-0.017540248156406573
598;206;2685;0.017248497304292076
599;207;2652;0.0008825941967225313
600;207;2685;-0.0008677892189563245
601;207;2686;-1.4804977766207254e-05
602;208;2653;-0.017489235543166223
603;208;2686;-0.0002933712280525439
604;208;2687;0.01778260677121877
605;209;2687;-0.018630371567375733
606;209;2688;0.018630371567375733
607;210;2689;-0.01167908616571718
608;210;2690;0.01167908616571718
609;211;2654;0.011796373686395353
610;211;2690;-0.011272856818297584
611;211;2691;-0.0005235168680977675
612;212;2655;-0.0004626094847730613
613;212;2691;-2.0530365946275786e-05
614;212;2692;0.0004831398507193371
615;213;2656;0.0004831398507193422
616;213;2692;-0.012362059482694573
617;213;2693;0.01187891963197523
618;214;2657;0.011762796677279513
619;214;2693;-0.010913769002671506
620;214;2694;-0.0008490276746080084
621;215;2658;-0.001091028641819207
622;215;2694;-8.157825101066172e-05
623;215;2695;0.0011726068928298687
624;216;2659;0.0008224210165868796
625;216;2695;-0.01287125962922214
626;216;2696;0.012048838612635261
627;217;2660;0.011355015828684534
628;217;2696;-0.010344157034971923
629;217;2697;-0.0010108587937126083
630;218;2661;-0.0019179206676181687
631;218;2697;-0.00018104519175387502
632;218;2698;0.002098965859372044
633;219;2662;0.0010454865660019458
634;219;2698;-0.01326105128896891
635;219;2699;0.012215564722966966
636;220;2663;0.010598497624154449
637;220;2699;-0.009560416962608887
638;220;2700;-0.001038080661545558
639;221;2664;-0.002977794271869312
640;221;2700;-0.0003136656470563758
641;221;2701;0.0032914599189256873
642;222;2665;0.0011741377278478543
643;222;2701;-0.013598772222567236
644;222;2702;0.01242463449471938
645;223;2666;0.009541148273004441
646;223;2702;-0.00858092071709699
647;223;2703;-0.0009602275559074517
648;224;2667;-0.004297796637797208
649;224;2703;-0.0004682387547736307
650;224;2704;0.004766035392570839
651;225;2668;0.0012253774920848515
652;225;2704;-0.013961182251238803
653;225;2705;0.012735804759153953
654;226;2669;0.008261394206986291
655;226;2705;-0.007451074064404704
656;226;2706;-0.0008103201425815867
657;227;2670;-0.005884558297713875
658;227;2706;-0.0006248770482705873
659;227;2707;0.0065094353459844625
660;228;2671;0.0012104183997049735
661;228;2707;-0.014420022788599373
662;228;2708;0.013209604388894404
663;229;2672;0.0068633431153808395
664;229;2708;-0.006239083203583865
665;229;2709;-0.0006242599117969737
666;230;2673;-0.007715494649478616
667;230;2709;-0.0007554239387250318
668;230;2710;0.008470918588203646
669;231;2674;0.001135194503700481
670;231;2710;-0.015022479278382225
671;231;2711;0.013887284774681742
672;232;2675;0.005454863624523792
673;232;2711;-0.005018478314857635
674;232;2712;-0.00043638530966615715
675;233;2676;-0.009741154827945183
676;233;2712;-0.0008301468092935926
677;233;2713;0.010571301637238776
678;234;2677;0.0010036881377858164
679;234;2713;-0.015778692087186574
680;234;2714;0.014775003949400754
681;235;2678;0.004119034338281468
682;235;2714;-0.0038465787501612155
683;235;2715;-0.0002724555881202518
684;236;2679;-0.011898047922575618
685;236;2715;-0.0008268651652667154
686;236;2716;0.012724913087842338
687;237;2680;0.0008188551167802896
688;237;2716;-0.016665166243758512
689;237;2717;0.015846311126978232
690;238;2681;0.0029004681499125344
691;238;2717;-0.0027544068972679752
692;238;2718;-0.00014606125264455958
693;239;2682;-0.014126354798256116
694;239;2718;-0.0007356453548024642
695;239;2719;0.014862000153058576
696;240;2683;0.0005846496861591304
697;240;2719;-0.017643570069654595
698;240;2720;0.017058920383495466
699;241;2684;0.0018115948286073296
700;241;2720;-0.0017508335850197998
701;241;2721;-6.076124358752965e-05
702;242;2685;-0.016380708085335757
703;242;2721;-0.0005587052095059038
704;242;2722;0.016939413294841662
705;243;2686;0.0003081762058187512
706;243;2722;-0.018679759826888298
707;243;2723;0.018371583621069547
708;244;2687;0.0008477647961569641
709;244;2723;-0.0008337674992643988
710;244;2724;-1.3997296892565372e-05
711;245;2688;-0.01863037156737573
712;245;2724;-0.0003076028200622333
713;245;2725;0.018937974387437963
714;246;2725;-0.01975264374119498
715;246;2726;0.01975264374119498
716;247;2727;-0.01144257093234938
717;247;2728;0.01144257093234938
718;248;2689;0.01167908616571718
719;248;2728;-0.011088989534378355
720;248;2729;-0.0005900966313388252
721;249;2690;-0.00040622934741959486
722;249;2729;-2.0525113528739172e-05
723;249;2730;0.00042675446094833403
724;250;2691;0.0005440472340440432
725;250;2730;-0.012306843911323542
726;250;2731;0.011762796677279502
727;251;2692;0.01187891963197523
728;251;2731;-0.010913769002671504
729;251;2732;-0.0009651506293037286
730;252;2693;-0.0009651506293037251
731;252;2732;-8.160694820548233e-05
732;252;2733;0.0010467575775092073
733;253;2694;0.0009306059256186702
734;253;2733;-0.012973875906835713
735;253;2734;0.012043269981217044
736;254;2695;0.011698652736392267
737;254;2734;-0.010532619752238633
738;254;2735;-0.0011660329841536345
739;255;2696;-0.0017046815776633373
740;255;2735;-0.0001815073086982439
741;255;2736;0.001886188886361581
742;256;2697;0.001191903985466483
743;256;2736;-0.013495463261355188
744;256;2737;0.012303559275888706
745;257;2698;0.011162085429596869
746;257;2737;-0.009938399642977998
747;257;2738;-0.0012236857866188737
748;258;2699;-0.0026551477603580773
749;258;2738;-0.0003159931542009668
750;258;2739;0.002971140914559044
751;259;2700;0.0013517463086019335
752;259;2739;-0.013930781499965296
753;259;2740;0.012579035191363365
754;260;2701;0.010307312303641547
755;260;2740;-0.009140626448907781
756;260;2741;-0.0011666858547337657
757;261;2702;-0.003843713777622393
758;261;2741;-0.0004761848956038714
759;261;2742;0.004319898673226264
760;262;2703;0.001428466310681082
761;262;2742;-0.014346707584061683
762;262;2743;0.0129182412733806
763;263;2704;0.009195146858667964
764;263;2743;-0.008169625565907144
765;263;2744;-0.0010255212927608197
766;264;2705;-0.00528473069474925
767;264;2744;-0.0006461073430367052
768;264;2745;0.005930838037785956
769;265;2706;0.0014351971908521744
770;265;2745;-0.014810408070454573
771;265;2746;0.013375210879602396
772;266;2707;0.007910587442614891
773;266;2746;-0.0070769976836112455
774;266;2747;-0.000833589759003649
775;267;2708;-0.00697052118531054
776;267;2747;-0.0008018350234420804
777;267;2748;0.007772356208752605
778;268;2709;0.0013796838505220055
779;268;2748;-0.015375256023593145
780;268;2749;0.013995572173071139
781;269;2710;0.00655156069017858
782;269;2749;-0.005926742803877668
783;269;2750;-0.000624817886300912
784;270;2711;-0.008868806459824106
785;270;2750;-0.0009149516292065252
786;270;2751;0.009783758089030637
787;271;2712;0.0012665321189597497
788;271;2751;-0.016067883190329726
789;271;2752;0.014801351071369977
790;272;2713;0.0052073904499478005
791;272;2752;-0.004778941696874388
792;272;2753;-0.00042844875307341244
793;273;2714;-0.010928425199239533
794;273;2753;-0.0009602398396618904
795;273;2754;0.011888665038901434
796;274;2715;0.001099320753386967
797;274;2754;-0.016884136016288062
798;274;2755;0.015784815262901104
799;275;2716;0.003940253155916174
800;275;2755;-0.0036763688152454278
801;275;2756;-0.0002638843406707465
802;276;2717;-0.013091904229710256
803;276;2756;-0.0009220910041014563
804;276;2757;0.014013995233811711
805;277;2718;0.0008817066074470239
806;277;2757;-0.017798209621955136
807;277;2758;0.016916503014508113
808;278;2719;0.002781569916596019
809;278;2758;-0.0026416039865485067
810;278;2759;-0.000139965930047512
811;279;2720;-0.01530808679847567
812;279;2759;-0.0007966878499563971
813;279;2760;0.016104774648432064
814;280;2721;0.0006194664530934322
815;280;2760;-0.01877888244836262
816;280;2761;0.018159415995269143
817;281;2722;0.001740346532046634
818;281;2761;-0.001682690233253572
819;281;2762;-5.765629879306205e-05
820;282;2723;-0.017537816121805147
821;282;2762;-0.0005907602070291301
822;282;2763;0.018128576328834273
823;283;2724;0.0003216001169547989
824;283;2763;-0.019801822936801487
825;283;2764;0.019480222819846675
826;284;2725;0.0008146693537570198
827;284;2764;-0.0008015228157873186
828;284;2765;-1.3146537969700826e-05
829;285;2726;-0.019752643741194984
830;285;2765;-0.00031875371247000906
831;285;2766;0.02007139745366499
832;286;2766;-0.02085372663336571
833;286;2767;0.02085372663336571
834;287;2768;-0.011082619537594565
835;287;2769;0.011082619537594565
836;288;2727;0.01144257093234938
837;288;2769;-0.010778523326545246
838;288;2770;-0.000664047605804135
839;289;2728;-0.0003535813979710272
840;289;2770;-2.051941667372576e-05
841;289;2771;0.0003741008146447529
842;290;2729;0.0006106217448675643
843;290;2771;-0.012140605561100044
844;290;2772;0.011529983816232482
845;291;2730;0.01188008945037521
846;291;2772;-0.01078906080855599
847;291;2773;-0.0010910286418192219
848;292;2731;-0.0008490276746079974
849;292;2773;-8.157825101066184e-05
850;292;2774;0.0009306059256186593
851;293;2732;0.0010467575775092103
852;293;2774;-0.012973875906835719
853;293;2775;0.011927118329326506
854;294;2733;0.011927118329326514
855;294;2775;-0.010595122104155379
856;294;2776;-0.001331996225171137
857;295;2734;-0.0015106502289784125
858;295;2776;-0.00018174258643466638
859;295;2777;0.001692392815413079
860;296;2735;0.0013475402928518788
861;296;2777;-0.013636552283723938
862;296;2778;0.012289011990872057
863;297;2736;0.011609274374993608
864;297;2778;-0.010188006638363526
865;297;2779;-0.0014212677366300763
866;298;2737;-0.0023651596329107086
867;298;2779;-0.0003176057171345751
868;298;2780;0.0026827653500452837
869;299;2738;0.0015396789408198405
870;299;2780;-0.01418400713328474
871;299;2781;0.0126443281924649
872;300;2739;0.010959640585406251
873;300;2781;-0.009572300550299666
874;300;2782;-0.0013873400351065886
875;301;2740;-0.003438408742455582
876;301;2782;-0.0004820279907457218
877;301;2783;0.003920436733201304
878;302;2741;0.001642870750337637
879;302;2783;-0.014675819897376777
880;302;2784;0.013032949147039138
881;303;2742;0.010026808910835414
882;303;2784;-0.008768071788642265
883;303;2785;-0.0012587371221931556
884;304;2743;-0.004748615707473457
885;304;2785;-0.0006620460242193812
886;304;2786;0.005410661731692838
887;305;2744;0.0016716286357975258
888;305;2786;-0.015173320483282711
889;305;2787;0.01350169184748519
890;306;2745;0.00887957003266862
891;306;2787;-0.007813199956215284
892;306;2788;-0.0010663700764533374
893;307;2746;-0.0062982131959911525
894;307;2788;-0.0008375288139158546
895;307;2789;0.007135742009907006
896;308;2747;0.0016354247824457374
897;308;2789;-0.015730735901767295
898;308;2790;0.014095311119321526
899;309;2748;0.007602899814840541
900;309;2790;-0.006760139923497413
901;309;2791;-0.0008427598913431282
902;310;2749;-0.00806882936919347
903;310;2791;-0.0009825775121085813
904;310;2792;0.009051406881302052
905;311;2750;0.0015397695155074335
906;311;2792;-0.016384149464826983
907;311;2793;0.014844379949319555
908;312;2751;0.006284125101299088
909;312;2793;-0.005665569816632429
910;312;2794;-0.0006185552846666593
911;313;2752;-0.010022409374495587
912;313;2794;-0.0010709350770895436
913;313;2795;0.011093344451585128
914;314;2753;0.001388688592735303
915;314;2795;-0.017144628429412608
916;314;2796;0.015755939836677307
917;315;2754;0.004995470977386627
918;315;2796;-0.004577860089421117
919;315;2797;-0.0004176108879655105
920;316;2755;-0.012108446447655678
921;316;2797;-0.0010827373960339563
922;316;2798;0.013191183843689638
923;317;2756;0.0011859753447722031
924;317;2798;-0.018000164026293303
925;317;2799;0.016814188681521104
926;318;2757;0.003784214388143425
927;318;2799;-0.0035301065033001167
928;318;2800;-0.00025410788484330865
929;319;2758;-0.014274899027959607
930;319;2800;-0.0010085122564128107
931;319;2801;0.015283411284372418
932;320;2759;0.0009366537800039088
933;320;2801;-0.018926561596838705
934;320;2802;0.017989907816834808
935;321;2760;0.0026741077999305573
936;321;2802;-0.0025407521417603095
937;321;2803;-0.00013335565817024746
938;322;2761;-0.016476725762015577
939;322;2803;-0.0008497111469721328
940;322;2804;0.01732643690898772
941;323;2762;0.000648416505822192
942;323;2804;-0.019899850967811352
943;323;2805;0.01925143446198916
944;324;2763;0.0016732466079672143
945;324;2805;-0.001618886947255742
946;324;2806;-5.435966071147216e-05
947;325;2764;-0.018678700004059363
948;325;2806;-0.0006168430613016619
949;325;2807;0.019295543065361024
950;326;2765;0.00033190025043970987
951;326;2807;-0.02090366459666844
952;326;2808;0.020571764346228726
953;327;2766;0.0007823291797007207
954;327;2808;-0.0007700716414539288
955;327;2809;-1.225753824679178e-05
956;328;2767;-0.02085372663336571
957;328;2809;-0.00032673631308806095
958;328;2810;0.021180462946453774
959;329;2810;-0.021930539410312463
960;329;2811;0.021930539410312463
961;330;2812;-0.010591996621311689
962;330;2813;0.01059199662131169
963;331;2768;0.011082619537594565
964;331;2813;-0.01033464609052553
965;331;2814;-0.0007479734470690349
966;332;2769;-0.00030409621104931757
967;332;2814;-2.052365782725039e-05
968;332;2815;0.0003246198688765679
969;333;2770;0.0006845670224778608
970;333;2815;-0.011861513674228798
971;333;2816;0.011176946651750936
972;334;2771;0.01176650474645529
973;334;2816;-0.010537341006647875
974;334;2817;-0.0012291637398074142
975;335;2772;-0.0007409230076764917
976;335;2817;-8.149800891037729e-05
977;335;2818;0.000822421016586869
978;336;2773;0.0011726068928298835
979;336;2818;-0.012871259629222122
980;336;2819;0.01169865273639224
981;337;2774;0.01204326998121706
982;337;2819;-0.010532619752238622
983;337;2820;-0.001510650228978433
984;338;2775;-0.001331996225171127
985;338;2820;-0.00018174258643466752
986;338;2821;0.0015137388116057944
987;339;2776;0.0015137388116058027
988;339;2821;-0.013683647262214167
989;339;2822;0.01216990845060836
990;340;2777;0.011944159468310865
991;340;2822;-0.010312108870877471
992;340;2823;-0.001632050597433392
993;341;2778;-0.002101005352508531
994;341;2823;-0.00031856114119123625
995;341;2824;0.0024195664936997674
996;342;2779;0.0017388734537646514
997;342;2824;-0.01435462006457076
998;342;2825;0.012615746610806115
999;343;2780;0.011501241783239455
1000;343;2825;-0.009878598544102763
1001;343;2826;-0.0016226432391366914
1002;344;2781;-0.003072027642165236
1003;344;2826;-0.0004861906600522747
1004;344;2827;0.003558218302217511
1005;345;2782;0.0018693680258523098
1006;345;2827;-0.01493948708518399
1007;345;2828;0.013070119059331677
1008;346;2783;0.010755383164175472
1009;346;2828;-0.009245883748608713
1010;346;2829;-0.0015094994155667612
1011;347;2784;-0.004264877358396872
1012;347;2829;-0.0006740207739208254
1013;347;2830;0.004938898132317698
1014;348;2785;0.0019207831464125367
1015;348;2830;-0.015494262684575625
1016;348;2831;0.013573479538163086
1017;349;2786;0.009762658751589895
1018;349;2831;-0.008441483265419793
1019;349;2832;-0.0013211754861701015
1020;350;2787;-0.005688491891269907
1021;350;2832;-0.0008651312113954919
1022;350;2833;0.006553623102665399
1023;351;2788;0.0019038988903691918
1024;351;2833;-0.016071232653803072
1025;351;2834;0.014167333763433876
1026;352;2789;0.00859499389186029
1027;352;2834;-0.007506723756899587
1028;352;2835;-0.0010882701349607014
1029;353;2790;-0.007335171195824108
1030;353;2835;-0.0010365154182775925
1031;353;2836;0.008371686614101696
1032;354;2791;0.0018253374034517093
1033;354;2836;-0.016710817186408076
1034;354;2837;0.01488547978295639
1035;355;2792;0.007332742583524933
1036;355;2837;-0.00649137735162875
1037;355;2838;-0.0008413652318961819
1038;356;2793;-0.009178810132687126
1039;356;2838;-0.0011624287640812053
1040;356;2839;0.01034123889676833
1041;357;2794;0.0016894903617562023
1042;357;2839;-0.017434398851117132
1043;357;2840;0.015744908489360936
1044;358;2795;0.006051283977827478
1045;358;2840;-0.0054441815807693816
1046;358;2841;-0.0006071023970580973
1047;359;2796;-0.011178079747256186
1048;359;2841;-0.0012202965416767977
1049;359;2842;0.012398376288932983
1050;360;2797;0.001500348283999467
1051;360;2842;-0.01824233377321675
1052;360;2843;0.01674198548921731
1053;361;2798;0.0048089801826036675
1054;361;2843;-0.004404607626869865
1055;361;2844;-0.00040437255573380225
1056;362;2799;-0.013284082178220987
1057;362;2844;-0.0011958061568113907
1058;362;2845;0.014479888335032378
1059;363;2800;0.0012626201412561187
1060;363;2845;-0.01911947835569469
1061;363;2846;0.01785685821443858
1062;364;2801;0.0036431503124662885
1063;364;2846;-0.003399932600127312
1064;364;2847;-0.00024321771233897643
1065;365;2802;-0.015449155675074497
1066;365;2847;-0.0010850897051282976
1067;365;2848;0.016534245380202796
1068;366;2803;0.0009830668051423802
1069;366;2848;-0.020045344019065044
1070;366;2849;0.019062277213922667
1071;367;2804;0.002573414058823632
1072;367;2849;-0.00244716623967888
1073;367;2850;-0.00012624781914475256
1074;368;2805;-0.01763254751473342
1075;368;2850;-0.0008941615835120463
1076;368;2851;0.01852670909824547
1077;369;2806;0.0006712027220131353
1078;369;2851;-0.0210027765880789
1079;369;2852;0.020331573866065756
1080;370;2807;0.0016081215313074161
1081;370;2852;-0.0015572338448375587
1082;370;2853;-5.088768646985763e-05
1083;371;2808;-0.019801692704774797
1084;371;2853;-0.0006367178779269526
1085;371;2854;0.020438410582701752
1086;372;2809;0.00033899385133485266
1087;372;2854;-0.02198186301892013
1088;372;2855;0.021642869167585177
1089;373;2810;0.0007500764638586894
1090;373;2855;-0.0007387381153125072
1091;373;2856;-1.1338348546182664e-05
1092;374;2811;-0.021930539410312463
1093;374;2856;-0.00033150766837921133
1094;374;2857;0.02226204707869167
1095;375;2857;-0.02297953181868884
1096;375;2858;0.02297953181868884
1097;376;2859;-0.009958986527513782
1098;376;2860;0.009958986527513782
1099;377;2812;0.010591996621311689
1100;377;2860;-0.009745971469874975
1101;377;2861;-0.0008460251514367161
1102;378;2813;-0.00025735053078616176
1103;378;2861;-2.0555616619307337e-05
1104;378;2862;0.0002779061474054691
1105;379;2814;0.0007684971048962852
1106;379;2862;-0.011466338253037297
1107;379;2863;0.010697841148141013
1108;380;2815;0.011536893805352232
1109;380;2863;-0.010153656604761524
1110;380;2864;-0.0013832372005906873
1111;381;2816;-0.0006396056451030604
1112;381;2864;-8.138361728610334e-05
1113;381;2865;0.0007209892623891637
1114;382;2817;0.0013106617487177912
1115;382;2865;-0.012665677577402286
1116;382;2866;0.011355015828684492
1117;383;2818;0.012048838612635256
1118;383;2866;-0.0103441570349719
1119;383;2867;-0.0017046815776633557
1120;384;2819;-0.0011660329841536162
1121;384;2867;-0.00018150730869824337
1122;384;2868;0.0013475402928518597
1123;385;2820;0.0016923928154131004
1124;385;2868;-0.013636552283723933
1125;385;2869;0.011944159468310834
1126;386;2821;0.012169908450608414
1127;386;2869;-0.010312108870877476
1128;386;2870;-0.0018577995797309306
1129;387;2822;-0.0018577995797308899
1130;387;2870;-0.00031887830183080143
1131;387;2871;0.0021766778815616914
1132;388;2823;0.0019506117386246299
1133;388;2871;-0.014440426088623764
1134;388;2872;0.012489814349999136
1135;389;2824;0.01193505357087099
1136;389;2872;-0.010061546971561142
1137;389;2873;-0.00187350659930984
1138;390;2825;-0.0027371480667033503
1139;390;2873;-0.0004888863261118141
1140;390;2874;0.003226034392815165
1141;391;2826;0.002108833899188966
1142;391;2874;-0.0151316179641819
1143;391;2875;0.01302278406499293
1144;392;2827;0.011381268782966468
1145;392;2875;-0.009603425409029642
1146;392;2876;-0.001777843373936822
1147;393;2828;-0.0038242353107229643
1148;393;2876;-0.0006828158099587856
1149;393;2877;0.004507051120681751
1150;394;2829;0.00218352018948759
1151;394;2877;-0.015762335534298313
1152;394;2878;0.013578815344810723
1153;395;2830;0.010555364552257926
1154;395;2878;-0.008958207569392447
1155;395;2879;-0.0015971569828654789
1156;396;2831;-0.005131996272743293
1157;396;2879;-0.0008864217866013321
1158;396;2880;0.006018418059344626
1159;397;2832;0.0021863066975655898
1160;397;2880;-0.016381941163638655
1161;397;2881;0.014195634466073057
1162;398;2833;0.009517609551137673
1163;398;2881;-0.008157782569500479
1164;398;2882;-0.0013598269816371931
1165;399;2834;-0.00666061000653429
1166;399;2882;-0.0010795203609358373
1167;399;2883;0.007740130367470126
1168;400;2835;0.002124785553238285
1169;400;2883;-0.01703189998602315
1170;400;2884;0.014907114432784875
1171;401;2836;0.00833913057230638
1172;401;2884;-0.007243726735273882
1173;401;2885;-0.0010954038370324965
1174;402;2837;-0.008394102431327648
1175;402;2885;-0.001237834546855243
1176;402;2886;0.009631936978182907
1177;403;2838;0.002003793995977387
1178;403;2886;-0.017739637182111728
1179;403;2887;0.015735843186134343
1180;404;2839;0.007093159954348801
1181;404;2887;-0.006261386008774986
1182;404;2888;-0.0008317739455738158
1183;405;2840;-0.010300726908591554
1184;405;2888;-0.0013375199504689003
1185;405;2889;0.011638246859060506
1186;406;2841;0.0018273989387348941
1187;406;2889;-0.018514999899133307
1188;406;2890;0.016687600960398404
1189;407;2842;0.005843957484283768
1190;407;2890;-0.005252525301108917
1191;407;2891;-0.0005914321831748501
1192;408;2843;-0.012337377862347445
1193;408;2891;-0.001360486410892557
1194;408;2892;0.013697864273239997
1195;409;2844;0.0016001787125451933
1196;409;2892;-0.019351918866625416
1197;409;2893;0.01775174015408024
1198;410;2845;0.004639590020662314
1199;410;2893;-0.004250574393535977
1200;410;2894;-0.00038901562712633685
1201;411;2846;-0.014456925614311266
1202;411;2894;-0.0012978795133790448
1203;411;2895;0.01575480512769031
1204;412;2847;0.0013283074174672742
1205;412;2895;-0.020235353495091216
1206;412;2896;0.01890704607762394
1207;413;2848;0.003511098638862251
1208;413;2896;-0.0032798152417730063
1209;413;2897;-0.00023128339708924426
1210;414;2849;-0.016615110974243785
1211;414;2897;-0.0011509154139653353
1212;414;2898;0.017766026388209136
1213;415;2850;0.0010204094026567989
1214;415;2898;-0.02114954829365918
1215;415;2899;0.020129138891002395
1216;416;2851;0.0024760674898334284
1217;416;2899;-0.0023573873426070003
1218;416;2900;-0.0001186801472264282
1219;417;2852;-0.018774340021228197
1220;417;2900;-0.0009295783310095461
1221;417;2901;0.019703918352237712
1222;418;2853;0.0006876055643968101
1223;418;2901;-0.02208352666469441
1224;418;2902;0.0213959211002976
1225;419;2854;0.0015434524362183744
1226;419;2902;-0.0014961832233499387
1227;419;2903;-4.7269212868435705e-05
1228;420;2855;-0.020904131052272665
1229;420;2903;-0.0006502298494779825
1230;420;2904;0.021554360901750638
1231;421;2856;0.000342846016925394
1232;421;2904;-0.02303259351174881
1233;421;2905;0.022689747494823418
1234;422;2857;0.0007174847399971671
1235;422;2905;-0.0007070851316334949
1236;422;2906;-1.0399608363672225e-05
1237;423;2858;-0.02297953181868884
1238;423;2906;-0.0003330776502589477
1239;423;2907;0.02331260946894779
1240;424;2907;-0.023996929989971025
1241;424;2908;0.023996929989971025
1242;425;2909;-0.009164651645287892
1243;425;2910;0.009164651645287894
1244;426;2859;0.009958986527513782
1245;426;2910;-0.008993830728181903
1246;426;2911;-0.0009651557993318783
1247;427;2860;-0.00021301505763880762
1248;427;2911;-2.064393978816184e-05
1249;427;2912;0.0002336589974269695
1250;428;2861;0.0008665807680560236
1251;428;2912;-0.010950226761894017
1252;428;2913;0.010083645993837997
1253;429;2862;0.011188432105631828
1254;429;2913;-0.009629641744825708
1255;429;2914;-0.001558790360806122
1256;430;2863;-0.0005441845433794895
1257;430;2914;-8.126308161206443e-05
1258;430;2915;0.0006254476249915538
1259;431;2864;0.0014646208178767904
1260;431;2915;-0.012356508139107537
1261;431;2916;0.010891887321230746
1262;432;2865;0.01194468831501312
1263;432;2916;-0.010026767647394935
1264;432;2917;-0.0019179206676181787
1265;433;2866;-0.0010108587937125912
1266;433;2917;-0.00018104519175387332
1267;433;2918;0.0011919039854664645
1268;434;2867;0.001886188886361599
1269;434;2918;-0.013495463261355162
1270;434;2919;0.01160927437499356
1271;435;2868;0.012289011990872074
1272;435;2919;-0.010188006638363514
1273;435;2920;-0.0021010053525085674
1274;436;2869;-0.0016320505974333562
1275;436;2920;-0.00031856114119123506
1276;436;2921;0.0019506117386245915
1277;437;2870;0.002176677881561732
1278;437;2921;-0.014440426088623753
1279;437;2922;0.012263748207062023
1280;438;2871;0.012263748207062072
1281;438;2922;-0.010122390574909072
1282;438;2923;-0.0021413576321530005
1283;439;2872;-0.0024282673784379928
1284;439;2923;-0.0004902149040156944
1285;439;2924;0.002918482282453687
1286;440;2873;0.0023623929254216556
1287;440;2924;-0.01524832784101097
1288;440;2925;0.012885934915589318
1289;441;2874;0.011905583571366736
1290;441;2925;-0.009841320720653525
1291;441;2926;-0.0020642628507131916
1292;442;2875;-0.003419358655963289
1293;442;2926;-0.0006888751105327349
1294;442;2927;0.004108233766496024
1295;443;2876;0.002460659183895603
1296;443;2927;-0.015969621652872985
1297;443;2928;0.013508962468977405
1298;444;2877;0.011255284413616564
1299;444;2928;-0.00936134148167335
1300;444;2929;-0.0018939429319432147
1301;445;2878;-0.004620607775418277
1302;445;2929;-0.0009025436295927268
1303;445;2930;0.005523151405011003
1304;446;2879;0.002483578769466817
1305;446;2930;-0.016650960835870858
1306;446;2931;0.014167382066404041
1307;447;2880;0.010363523104294028
1308;447;2931;-0.008707172672622783
1309;447;2932;-0.0016563504316712478
1310;448;2881;-0.006037851896572577
1311;448;2932;-0.0011136220338162136
1312;448;2933;0.0071514739303887905
1313;449;2882;0.002439347342573032
1314;449;2933;-0.017333059192321268
1315;449;2934;0.014893711849748232
1316;450;2883;0.009291769618553032
1317;450;2934;-0.00791243760576591
1318;450;2935;-0.0013793320127871178
1319;451;2884;-0.0076633876975109915
1320;451;2935;-0.00129975259405873
1321;451;2936;0.008963140291569721
1322;452;2885;0.00233323838388774
1323;452;2936;-0.01804622257997975
1324;452;2937;0.01571298419609201
1325;453;2886;0.00810770020392882
1326;453;2937;-0.0070169149054445205
1327;453;2938;-0.0010907852984843014
1328;454;2887;-0.009474457177359369
1329;454;2938;-0.0014369797424684662
1330;454;2939;0.010911436919827825
1331;455;2888;0.0021692938960427145
1332;455;2939;-0.018806638184780768
1333;455;2940;0.016637344288738042
1334;456;2889;0.006876753040072799
1335;456;2940;-0.006061243643255556
1336;456;2941;-0.0008155093968172425
1337;457;2890;-0.011435075659289484
1338;457;2941;-0.0015045769069352984
1339;457;2942;0.012939652566224785
1340;458;2891;0.0019519185940674072
1341;458;2942;-0.019615910626088973
1342;458;2943;0.017663992032021566
1343;459;2892;0.005654054593385417
1344;459;2943;-0.005081927980636422
1345;459;2944;-0.0005721266127489957
1346;460;2893;-0.013501165760544281
1347;460;2944;-0.0014893148635781288
1348;460;2945;0.014990480624122369
1349;461;2894;0.0016868951405053802
1350;461;2945;-0.020465056552638274
1351;461;2946;0.01877816141213295
1352;462;2895;0.004480548367400904
1353;462;2946;-0.0041088235582457675
1354;462;2947;-0.00037172480915513594
1355;463;2896;-0.01562723083585096
1356;463;2947;-0.0013875847480975412
1357;463;2948;0.0170148155839485
1358;464;2897;0.0013821988110545797
1359;464;2948;-0.02134128945297275
1360;464;2949;0.01995909064191816
1361;465;2898;0.003383521905450047
1362;465;2949;-0.003165135679512103
1363;465;2950;-0.0002183862259379438
1364;466;2899;-0.017771751548395397
1365;466;2950;-0.0012052090479388333
1366;466;2951;0.01897696059633423
1367;467;2900;0.0010482584782359754
1368;467;2951;-0.02223400389029307
1369;467;2952;0.021185745412057096
1370;468;2901;0.0023796083124567008
1371;468;2952;-0.0022688941485190404
1372;468;2953;-0.00011071416393766047
1373;469;2902;-0.01989973787694766
1374;469;2953;-0.0009556140041664506
1375;469;2954;0.02085535188111411
1376;470;2903;0.0006974990623464183
1377;470;2954;-0.023137700992134344
1378;470;2955;0.022440201929787927
1379;471;2904;0.0014782326099981717
1380;471;2955;-0.0014346886520731298
1381;471;2956;-4.354395792504194e-05
1382;472;2905;-0.021982662363189926
1383;472;2956;-0.0006573226429664817
1384;472;2957;0.022639985006156403
1385;473;2906;0.00034347725862262
1386;473;2957;-0.024051853722662365
1387;473;2958;0.02370837646403974
1388;474;2907;0.0006843205210232386
1389;474;2958;-0.0006748666919148617
1390;474;2959;-9.453829108376756e-06
1391;475;2908;-0.02399692998997103
1392;475;2959;-0.0003315155227431259
1393;475;2960;0.024328445512714153
1394;476;2960;-0.02497895147483923
1395;476;2961;0.02497895147483923
1396;477;2962;-0.008177450318947939
1397;477;2963;0.008177450318947939
1398;478;2909;0.009164651645287894
1399;478;2963;-0.008046905646976563
1400;478;2964;-0.001117745998311331
1401;479;2910;-0.00017082091710599008
1402;479;2964;-2.0833786587105358e-05
1403;479;2965;0.00019165470369309544
1404;480;2911;0.00098579973912004
1405;480;2965;-0.010306576165809598
1406;480;2966;0.009320776426689558
1407;481;2912;0.010716567764467052
1408;481;2966;-0.008952187737630044
1409;481;2967;-0.0017643800268370064
1410;482;2913;-0.0004540042490122893
1411;482;2967;-8.117117974494197e-05
1412;482;2968;0.0005351754287572313
1413;483;2914;0.001640053442418186
1414;483;2968;-0.011943088953716197
1415;483;2969;0.01030303551129801
1416;484;2915;0.011731060514115982
1417;484;2969;-0.009575177012372857
1418;484;2970;-0.0021558835017431244
1419;485;2916;-0.0008651196738358095
1420;485;2970;-0.0001803668921661097
1421;485;2971;0.0010454865660019191
1422;486;2917;0.0020989658593720513
1423;486;2971;-0.013261051288968864
1424;486;2972;0.011162085429596794
1425;487;2918;0.012303559275888705
1426;487;2972;-0.009938399642977956
1427;487;2973;-0.002365159632910736
1428;488;2919;-0.0014212677366300468
1429;488;2973;-0.00031760571713457275
1430;488;2974;0.0017388734537646196
1431;489;2920;0.002419566493699803
1432;489;2974;-0.01435462006457074
1433;489;2975;0.011935053570870935
1434;490;2921;0.012489814349999163
1435;490;2975;-0.010061546971561131
1436;490;2976;-0.0024282673784380314
1437;491;2922;-0.0021413576321529515
1438;491;2976;-0.0004902149040156916
1439;491;2977;0.002631572536168643
1440;492;2923;0.0026315725361686954
1441;492;2977;-0.015287461275460375
1442;492;2978;0.012655888739291679
1443;493;2924;0.012329845558557286
1444;493;2978;-0.009960115839497893
1445;493;2979;-0.002369729719059391
1446;494;2925;-0.003044614194935794
1447;494;2979;-0.000692436150881909
1448;494;2980;0.0037370503458177026
1449;495;2926;0.00275313796124593
1450;495;2980;-0.016110649301665794
1451;495;2981;0.013357511340419865
1452;496;2927;0.011861387886376928
1453;496;2981;-0.009649802637867369
1454;496;2982;-0.0022115852485095704
1455;497;2928;-0.004147620987304056
1456;497;2982;-0.0009141971679721938
1457;497;2983;0.005061818155276249
1458;498;2929;0.002796486561535942
1459;498;2983;-0.016869080525882894
1460;498;2984;0.014072593964346963
1461;499;2930;0.011127809430859857
1462;499;2984;-0.009150658683588891
1463;499;2985;-0.001977150747270962
1464;500;2931;-0.005460209393781258
1465;500;2985;-0.0011402211557641863
1466;500;2986;0.006600430549545445
1467;501;2932;0.002769972465487461
1468;501;2986;-0.017602054114117
1469;501;2987;0.01483208164862954
1470;502;2933;0.010181585261932505
1471;502;2987;-0.008489543017746829
1472;502;2988;-0.0016920422441856742
1473;503;2934;-0.006981274243982323
1474;503;2988;-0.0013502145096445147
1475;503;2989;0.008331488753626836
1476;504;2935;0.002679084606845848
1477;504;2989;-0.018340696547206787
1478;504;2990;0.015661611940360944
1479;505;2936;0.009083082288410026
1480;505;2990;-0.007699876816978477
1481;505;2991;-0.0013832054714315507
1482;506;2937;-0.008696069290647488
1483;506;2991;-0.0015209119665357718
1484;506;2992;0.01021698125718326
1485;507;2938;0.002527765040952771
1486;507;2992;-0.01910483284664723
1487;507;2993;0.016577067805694463
1488;508;2939;0.007895201264952943
1489;508;2993;-0.0068187209182499755
1490;508;2994;-0.0010764803467029674
1491;509;2940;-0.010576100645482492
1492;509;2994;-0.0016300301607766474
1493;509;2995;0.01220613080625914
1494;510;2941;0.002320086303752537
1495;510;2995;-0.019901662499634654
1496;510;2996;0.01758157619588212
1497;511;2942;0.006676258059864189
1498;511;2996;-0.005882725155378003
1499;511;2997;-0.0007935329044861858
1500;512;2943;-0.01258206405138514
1501;512;2997;-0.0016607464403332185
1502;512;2998;0.01424281049171835
1503;513;2944;0.0020614414763271255
1504;513;2998;-0.020727702674478238
1505;513;2999;0.018666261198151117
1506;514;2945;0.005474575928515905
1507;514;2999;-0.004925017508604584
1508;514;3000;-0.0005495584199113211
1509;515;2946;-0.014669337853887196
1510;515;3000;-0.0016048475183720137
1511;515;3001;0.016274185372259206
1512;516;2947;0.0017593095572526769
1513;516;3001;-0.02157381520698723
1514;516;3002;0.019814505649734557
1515;517;2948;0.00432647386902425
1516;517;3002;-0.003973812174029888
1517;517;3003;-0.00035266169499436175
1518;518;2949;-0.016793954962405995
1519;518;3003;-0.001463716927694001
1520;518;3004;0.018257671890099997
1521;519;2950;0.0014235952738767769
1522;519;3004;-0.022430865950909394
1523;519;3005;0.02100727067703262
1524;520;2951;0.003257043293958842
1525;520;3005;-0.0030524063812104717
1526;520;3006;-0.00020463691274837055
1527;521;2952;-0.018916851263538065
1528;521;3006;-0.0012473353228957993
1529;521;3007;0.0201641865864339
1530;522;2953;0.0010663281681041114
1531;522;3007;-0.023293448576839793
1532;522;3008;0.022227120408735694
1533;523;2954;0.0022823491110202333
1534;523;3008;-0.0021799140955345224
1535;523;3009;-0.00010243501548571149
1536;524;2955;-0.0210055132777148
1537;524;3009;-0.0009720600706176455
1538;524;3010;0.02197757334833246
1539;525;2956;0.0007008666008915235
1540;525;3010;-0.024160814230606488
1541;525;3011;0.023459947629714963
1542;526;2957;0.0014118687165059628
1543;526;3011;-0.0013721084757126723
1544;526;3012;-3.976024079329054e-05
1545;527;2958;-0.02303350977212488
1546;527;3012;-0.0006580540237013826
1547;527;3013;0.02369156379582626
1548;528;2959;0.0003409693518515026
1549;528;3013;-0.025035668883951458
1550;528;3014;0.024694699532099944
1551;529;2960;0.0006505059621250812
1552;529;3014;-0.000641991372730729
1553;529;3015;-8.51458939435226e-06
1554;530;2961;-0.024978951474839237
1555;530;3015;-0.000326953983042526
1556;530;3016;0.02530590545788176
1557;531;3016;-0.025921992647048014
1558;532;3017;-0.006941983422924674
1559;532;3018;0.006941983422924675
1560;533;2962;0.008177450318947939
1561;533;3018;-0.006849952043746306
1562;533;3019;-0.0013274982752016326
1563;534;2963;-0.00013054467197137583
1564;534;3019;-2.1192158939469994e-05
1565;534;3020;0.00015173683091084582
1566;535;2964;0.0011385797848984364
1567;535;3020;-0.00952754727244539
1568;535;3021;0.008388967487546948
1569;536;2965;0.010114921462116504
1570;536;3021;-0.008101329310877654
1571;536;3022;-0.0020135921512388502
1572;537;2966;-0.0003685886890595138
1573;537;3022;-8.113594983758844e-05
1574;537;3023;0.0004497246388971022
1575;538;2967;0.0018455512065819481
1576;538;3023;-0.011425305619270267
1577;538;3024;0.00957975441268832
1578;539;2968;0.011407913524958962
1579;539;3024;-0.008981320382236787
1580;539;3025;-0.0024265931427221773
1581;540;2969;-0.0007278584989251528
1582;540;3025;-0.0001794688885762659
1583;540;3026;0.0009073273875014186
1584;541;2970;0.002336250393909235
1585;541;3026;-0.012934748018063595
1586;541;3027;0.01059849762415438
1587;542;2971;0.012215564722966945
1588;542;3027;-0.009560416962608849
1589;542;3028;-0.0026551477603581055
1590;543;2972;-0.0012236857866188373
1591;543;3028;-0.0003159931542009623
1592;543;3029;0.0015396789408197997
1593;544;2973;0.0026827653500453063
1594;544;3029;-0.014184007133284684
1595;544;3030;0.011501241783239377
1596;545;2974;0.012615746610806122
1597;545;3030;-0.009878598544102727
1598;545;3031;-0.0027371480667033963
1599;546;2975;-0.0018735065993098034
1600;546;3031;-0.000488886326111814
1601;546;3032;0.002362392925421618
1602;547;2976;0.002918482282453728
1603;547;3032;-0.015248327841010972
1604;547;3033;0.012329845558557241
1605;548;2977;0.01265588873929173
1606;548;3033;-0.009960115839497899
1607;548;3034;-0.002695772899793834
1608;549;2978;-0.0026957728997937863
1609;549;3034;-0.0006936121303341221
1610;549;3035;0.003389385030127908
1611;550;2979;0.0030621658699413004
1612;550;3035;-0.016181988561949474
1613;550;3036;0.01311982269200817
1614;551;2980;0.012373598955848093
1615;551;3036;-0.00982304367120864
1616;551;3037;-0.002550555284639451
1617;552;2981;-0.003707708702552495
1618;552;3037;-0.0009217896009731556
1619;552;3038;0.004629498303525651
1620;553;2982;0.003125782416481769
1621;553;3038;-0.01702949672279094
1622;553;3039;0.01390371430630915
1623;554;2983;0.011807262370606648
1624;554;3039;-0.009485377895705931
1625;554;3040;-0.0023218844749007244
1626;555;2984;-0.004921935280758071
1627;555;3040;-0.0011602312182317155
1628;555;3041;0.006082166498989787
1629;556;2985;0.0031173719030351483
1630;556;3041;-0.017828860878623544
1631;556;3042;0.014711488975588393
1632;557;2986;0.011001623564571548
1633;557;3042;-0.008968950429789567
1634;557;3043;-0.0020326731347819773
1635;558;2987;-0.006342538630882711
1636;558;3043;-0.0013907053703599024
1637;558;3044;0.007733244001242614
1638;559;2988;0.0030422567538301885
1639;559;3044;-0.018610908241158592
1640;559;3045;0.015568651487328403
1641;560;2989;0.01000920779357995
1642;560;3045;-0.00830108759363366
1643;560;3046;-0.00170812019994629
1644;561;2990;-0.007961735123382462
1645;561;3046;-0.0015911305514327168
1646;561;3047;0.009552865674815173
1647;562;2991;0.0029041174379673225
1648;562;3047;-0.0193971176416085
1649;562;3048;0.016493000203641178
1650;563;2992;0.00888785158946397
1651;563;3048;-0.007513871508552808
1652;563;3049;-0.0013739800809111629
1653;564;2993;-0.009758346887444477
1654;564;3049;-0.0017385829778213545
1655;564;3050;0.011496929865265817
1656;565;2994;0.002706510507479614
1657;565;3050;-0.020198176254193838
1658;565;3051;0.01749166574671418
1659;566;2995;0.007695531693375515
1660;566;3051;-0.006641676279211086
1661;566;3052;-0.0010538554141644298
1662;567;2996;-0.011698851040504122
1663;567;3052;-0.0018134983341959287
1664;567;3053;0.013512349374700052
1665;568;2997;0.002454279344819404
1666;568;3053;-0.021014800210628203
1667;568;3054;0.018560520865808804
1668;569;2998;0.00648489218275989
1669;569;3054;-0.005718426740804983
1670;569;3055;-0.000766465441954908
1671;570;2999;-0.013741243689546533
1672;570;3055;-0.001803473194463001
1673;570;3056;0.015544716884009477
1674;571;3000;0.002154405938283335
1675;571;3056;-0.021841286976640367
1676;571;3057;0.01968688103835703
1677;572;3001;0.005299629834728022
1678;572;3057;-0.004775616371081809
1679;572;3058;-0.0005240134636462135
1680;573;3002;-0.015840693475704673
1681;573;3058;-0.0017053550527922033
1682;573;3059;0.01754604852849703
1683;574;3003;0.0018163786226883581
1684;574;3059;-0.022670472054032755
1685;574;3060;0.02085409343134439
1686;575;3004;0.004173194060809398
1687;575;3060;-0.0038411848824642346
1688;575;3061;-0.0003320091783451636
1689;576;3005;-0.01795486429582213
1690;576;3061;-0.001525246527625015
1691;576;3062;0.01948011082344716
1692;577;3006;0.0014519722356441651
1693;577;3062;-0.02349773413994622
1694;577;3063;0.022045761904302005
1695;578;3007;0.0031292619904058957
1696;578;3063;-0.0029390788629072217
1697;578;3064;-0.00019018312749867353
1698;579;3008;-0.020047206313201192
1699;579;3064;-0.0012768342034856926
1700;579;3065;0.021324040516686904
1701;580;3009;0.0010744950861033562
1702;580;3065;-0.02432265697854149
1703;580;3066;0.02324816189243812
1704;581;3010;0.002183240882274025
1705;581;3066;-0.00208929232290534
1706;581;3067;-9.394855936868515e-05
1707;582;3011;-0.022087839154002288
1708;582;3067;-0.0009788727273560053
1709;582;3068;0.023066711881358292
1710;583;3012;0.0006978142644946735
1711;583;3068;-0.025148480177196817
1712;583;3069;0.024450665912702146
1713;584;3013;0.001344105088125194
1714;584;3069;-0.0013081329796556893
1715;584;3070;-3.5972108469504565e-05
1716;585;3014;-0.02405270815936921
1717;585;3070;-0.0006526075648969692
1718;585;3071;0.024705315724266177
1719;586;3015;0.0003354685724368783
1720;586;3071;-0.025980275347115483
1721;586;3072;0.025644806774678605
1722;587;3016;0.0006160871891662689
1723;587;3072;-0.0006084915056874526
1724;588;3073;-0.005353730182214663
1725;588;3074;0.005353730182214662
1726;589;3017;0.006941983422924675
1727;589;3074;-0.005298374600529146
1728;589;3075;-0.001643608822395528
1729;590;3018;-9.203137917836842e-05
1730;590;3075;-2.1789678473629476e-05
1731;590;3076;0.0001138210576519979
1732;591;3019;0.0013486904341411027
1733;591;3076;-0.008607014392771895
1734;591;3077;0.007258323958630792
1735;592;3020;0.00937581044153455
1736;592;3077;-0.007047207873497153
1737;592;3078;-0.0023286025680373957
1738;593;3021;-0.00028763817666929345
1739;593;3078;-8.113452201107633e-05
1740;593;3079;0.00036877269868036976
1741;594;3022;0.002094728101076439
1742;594;3079;-0.010804997474183854
1743;594;3080;0.008710269373107414
1744;595;3023;0.010975580980373167
1745;595;3080;-0.008233757815414716
1746;595;3081;-0.0027418231649584497
1747;596;3024;-0.0005984340304515341
1748;596;3081;-0.00017829602270742528
1749;596;3082;0.0007767300531589594
1750;597;3025;0.0026060620312984423
1751;597;3082;-0.012519350511830223
1752;597;3083;0.009913288480531779
1753;598;3026;0.012027420630562176
1754;598;3083;-0.009049626358692863
1755;598;3084;-0.002977794271869315
1756;599;3027;-0.0010380806615455295
1757;599;3084;-0.00031366564705636907
1758;599;3085;0.0013517463086018988
1759;600;3028;0.002971140914559068
1760;600;3085;-0.013930781499965227
1761;600;3086;0.010959640585406157
1762;601;3029;0.012644328192464884
1763;601;3086;-0.00957230055029961
1764;601;3087;-0.0030720276421652747
1765;602;3030;-0.0016226432391366484
1766;602;3087;-0.00048619066005227006
1767;602;3088;0.0021088338991889183
1768;603;3031;0.00322603439281521
1769;603;3088;-0.015131617964181866
1770;603;3089;0.011905583571366654
1771;604;3032;0.012885934915589353
1772;604;3089;-0.009841320720653503
1773;604;3090;-0.0030446141949358376
1774;605;3033;-0.002369729719059343
1775;605;3090;-0.0006924361508819057
1776;605;3091;0.0030621658699412483
1777;606;3034;0.0033893850301279565
1778;606;3091;-0.01618198856194948
1779;606;3092;0.012792603531821524
1780;607;3035;0.012792603531821559
1781;607;3092;-0.00988081451499382
1782;607;3093;-0.0029117890168277438
1783;608;3036;-0.0032967790207995276
1784;608;3093;-0.000925539003062664
1785;608;3094;0.004222318023862192
1786;609;3037;0.003472344885612606
1787;609;3094;-0.017127551848593534
1788;609;3095;0.013655206962980924
1789;610;3038;0.012399998419265265
1790;610;3095;-0.009709456881465154
1791;610;3096;-0.0026905415378001086
1792;611;3039;-0.0044183364106032165
1793;611;3096;-0.0011742155552180234
1794;611;3097;0.00559255196582124
1795;612;3040;0.0034821156931324386
1796;612;3097;-0.018005636361326204
1797;612;3098;0.014523520668193762
1798;613;3041;0.01174669437963376
1799;613;3098;-0.009346104278515335
1800;613;3099;-0.0024005901011184237
1801;614;3042;-0.005742538545798826
1802;614;3099;-0.0014222411034302302
1803;614;3100;0.007164779649229057
1804;615;3043;0.0034233785051418796
1805;615;3100;-0.01884637877225927
1806;615;3101;0.015423000267117397
1807;616;3044;0.010877664239915978
1808;616;3101;-0.008812984663463676
1809;616;3102;-0.002064679576452305
1810;617;3045;-0.007267563893694744
1811;617;3102;-0.0016490067832569514
1812;617;3103;0.008916570676951696
1813;618;3046;0.003299250751379006
1814;618;3103;-0.019671654583819243
1815;618;3104;0.016372403832440232
1816;619;3047;0.009844251966793328
1817;619;3104;-0.008136769036431122
1818;619;3105;-0.0017074829303622041
1819;620;3048;-0.008979128695088375
1820;620;3105;-0.0018316621929444865
1821;620;3106;0.010810790888032863
1822;621;3049;0.0031125630587325215
1823;621;3106;-0.02049390680384435
1824;621;3107;0.017381343745111834
1825;622;3050;0.008701246388928021
1826;622;3107;-0.007347848570720104
1827;622;3108;-0.0013533978182079165
1828;623;3051;-0.010849989467503096
1829;623;3108;-0.0019487418416485342
1830;623;3109;0.012798731309151632
1831;624;3052;0.0028673537483603585
1832;624;3109;-0.021316483073131026
1833;624;3110;0.01844912932477067
1834;625;3053;0.007502450835928147
1835;625;3110;-0.006478643055651741
1836;625;3111;-0.0010238077802764058
1837;626;3054;-0.012842094125003834
1838;626;3111;-0.001984203548313966
1839;626;3112;0.014826297673317789
1840;627;3055;0.0025699386364179087
1841;627;3112;-0.022136227198742763
1842;627;3113;0.01956628856232485
1843;628;3056;0.006296570092630889
1844;628;3113;-0.005561816008959897
1845;628;3114;-0.0007347540836709916
1846;629;3057;-0.01491126466727523
1847;629;3114;-0.0019304286446489428
1848;629;3115;0.01684169331192412
1849;630;3058;0.0022293685164384144
1850;630;3115;-0.022947750859011063
1851;630;3116;0.020718382342572648
1852;631;3059;0.005124423525535727
1853;631;3116;-0.004628651489641044
1854;631;3117;-0.0004957720358946835
1855;632;3060;-0.017012908548880157
1856;632;3117;-0.0017893068567976682
1857;632;3118;0.018802215405677825
1858;633;3061;0.0018572557059701792
1859;633;3118;-0.02374746622653717
1860;633;3119;0.021890210520566934
1861;634;3062;0.004017623316499064
1862;634;3119;-0.0037076273270335177
1863;634;3120;-0.0003099959894655455
1864;635;3063;-0.019106683041394783
1865;635;3120;-0.0015713503683543186
1866;635;3121;0.0206780334097491
1867;636;3064;0.0014670173309843664
1868;636;3121;-0.024535698850230422
1869;636;3122;0.023068681519246053
1870;637;3065;0.0029986164618545836
1871;637;3122;-0.002823406814245687
1872;637;3123;-0.0001752096476088967
1873;638;3066;-0.021158869569532782
1874;638;3123;-0.0012934568659326625
1875;638;3124;0.022452326435465443
1876;639;3067;0.0010728212867246907
1877;639;3124;-0.025316598380288893
1878;639;3125;0.02424377709356422
1879;640;3068;0.002081768295838526
1880;640;3125;-0.0019963920327548393
1881;640;3126;-8.53762630836865e-05
1882;641;3069;-0.023142532933046456
1883;641;3126;-0.0009761952598271789
1884;641;3127;0.02411872819287364
1885;642;3070;0.0006885796733664736
1886;642;3127;-0.02609658695202461
1887;642;3128;0.025408007278658135
1888;643;3071;0.0012749596228493055
1889;643;3128;-0.0012427235640701233
1890;643;3129;-3.2236058779182206e-05
1891;644;3072;-0.025036315268991145
1892;644;3129;-0.0006412985205104493
1893;645;3130;-0.003198346442621231
1894;645;3131;0.003198346442621231
1895;646;3073;0.005353730182214663
1896;646;3131;-0.003176684159149073
1897;646;3132;-0.0021770460230655896
1898;647;3074;-5.5355581685516216e-05
1899;647;3132;-2.250984731417371e-05
1900;647;3133;7.786542899968994e-05
1901;648;3075;0.0016653985008691571
1902;648;3133;-0.007551715630145431
1903;648;3134;0.005886317129276274
1904;649;3076;0.008493193335119897
1905;649;3134;-0.005746781727647169
1906;649;3135;-0.002746411607472725
1907;650;3077;-0.00021111608513363898
1908;650;3135;-8.095284584388377e-05
1909;650;3136;0.00029206893097752276
1910;651;3078;0.002409737090048472
1911;651;3136;-0.010089169296655095
1912;651;3137;0.007679432206606624
1913;652;3079;0.010436224775503482
1914;652;3137;-0.007317282013702514
1915;652;3138;-0.003118942761800968
1916;653;3080;-0.00047651155769269676
1917;653;3138;-0.00017665685835703576
1918;653;3139;0.0006531684160497324
1919;654;3081;0.002920119187665875
1920;654;3139;-0.012020179766338793
1921;654;3140;0.009100060578672919
1922;655;3082;0.011742620458671266
1923;655;3140;-0.008400019139659763
1924;655;3141;-0.0033426013190115014
1925;656;3083;-0.0008636621218389158
1926;656;3141;-0.00031047560600889974
1927;656;3142;0.0011741377278478154
1928;657;3084;0.003291459918925683
1929;657;3142;-0.013598772222567161
1930;657;3143;0.01030731230364146
1931;658;3085;0.012579035191363329
1932;658;3143;-0.00914062644890773
1933;658;3144;-0.003438408742455598
1934;659;3086;-0.0013873400351065478
1935;659;3144;-0.00048202799074571295
1936;659;3145;0.0018693680258522606
1937;660;3087;0.0035582183022175445
1938;660;3145;-0.014939487085183905
1939;660;3146;0.011381268782966362
1940;661;3088;0.013022784064992946
1941;661;3146;-0.009603425409029597
1942;661;3147;-0.003419358655963348
1943;662;3089;-0.002064262850713151
1944;662;3147;-0.0006888751105327356
1945;662;3148;0.0027531379612458864
1946;663;3090;0.0037370503458177434
1947;663;3148;-0.016110649301665766
1948;663;3149;0.012373598955848022
1949;664;3091;0.013119822692008223
1950;664;3149;-0.009823043671208637
1951;664;3150;-0.003296779020799584
1952;665;3092;-0.0029117890168277047
1953;665;3150;-0.0009255390030626668
1954;665;3151;0.003837328019890371
1955;666;3093;0.0038373280198904063
1956;666;3151;-0.017160533653188835
1957;666;3152;0.013323205633298429
1958;667;3094;0.01290523382473134
1959;667;3152;-0.00982176339312241
1960;667;3153;-0.0030834704316089335
1961;668;3095;-0.003945750081515771
1962;668;3153;-0.001182498200869048
1963;668;3154;0.005128248282384819
1964;669;3096;0.0038647570930181374
1965;669;3154;-0.018126623243213704
1966;669;3155;0.014261866150195571
1967;670;3097;0.01241308439550497
1968;670;3155;-0.009617709661756641
1969;670;3156;-0.0027953747337483236
1970;671;3098;-0.005177416389678427
1971;671;3156;-0.0014454730181801124
1972;671;3157;0.006622889407858539
1973;672;3099;0.0038228312045486545
1974;672;3157;-0.01903847432364463
1975;672;3158;0.015215643119095977
1976;673;3100;0.011681599123030201
1977;673;3158;-0.009229493685007587
1978;673;3159;-0.0024521054380226078
1979;674;3101;-0.006610015603653722
1980;674;3159;-0.0016955022709941898
1981;674;3160;0.008305517874647911
1982;675;3102;0.003713686359709256
1983;675;3160;-0.019917728473193737
1984;675;3161;0.016204042113484477
1985;676;3103;0.01075508390686754
1986;676;3161;-0.008678737034123599
1987;676;3162;-0.0020763468727439407
1988;677;3104;-0.008235634796009108
1989;677;3162;-0.0019103442118734984
1990;677;3163;0.01014597900788261
1991;678;3105;0.003539145123306691
1992;678;3163;-0.02077738411785075
1993;678;3164;0.017238238994544058
1994;679;3106;0.009683115915811492
1995;679;3164;-0.00799093451015142
1996;679;3165;-0.001692181405660072
1997;680;3107;-0.01003349517439173
1998;680;3165;-0.002067404428664172
1999;680;3166;0.012100899603055926
2000;681;3108;0.0033021396598564507
2001;681;3166;-0.021621985628932597
2002;681;3167;0.018319845969076185
2003;682;3109;0.008517751763979398
2004;682;3167;-0.007195131704747593
2005;682;3168;-0.001322620059231804
2006;683;3110;-0.011970486269118924
2007;683;3168;-0.002147640559120842
2008;683;3169;0.014118126828239765
2009;684;3111;0.0030080113285903707
2010;684;3169;-0.022449691689778093
2011;684;3170;0.019441680361187718
2012;685;3112;0.007309929525424974
2013;685;3170;-0.006322968637254879
2014;685;3171;-0.000986960888170095
2015;686;3113;-0.014004472553364953
2016;686;3171;-0.002139186547179057
2017;686;3172;0.01614365910054401
2018;687;3114;0.002665182728319936
2019;687;3172;-0.023256096502179822
2020;687;3173;0.020590913773859885
2021;688;3115;0.006106057547086943
2022;688;3173;-0.005407263349293794
2023;688;3174;-0.0006987941977931479
2024;689;3116;-0.016089730852931618
2025;689;3174;-0.0020394894324189177
2026;689;3175;0.018129220285350536
2027;690;3117;0.0022850788926923517
2028;690;3175;-0.024038313841221855
2029;690;3176;0.021753234948529494
2030;691;3118;0.004945250820859344
2031;691;3176;-0.004480090405180393
2032;691;3177;-0.0004651604156789526
2033;692;3119;-0.018182583193533407
2034;692;3177;-0.0018553991360074117
2035;692;3178;0.020037982329540825
2036;693;3120;0.001881346357819863
2037;693;3178;-0.024797457930617266
2038;693;3179;0.022916111572797437
2039;694;3121;0.003857665440481324
2040;694;3179;-0.003570758925510965
2041;694;3180;-0.0002869065149703586
2042;695;3122;-0.020245274705000368
2043;695;3180;-0.0016014566345636547
2044;695;3181;0.021846731339564024
2045;696;3123;0.00146866651354156
2046;696;3181;-0.025538855400033686
2047;696;3182;0.02407018888649213
2048;697;3124;0.0028642719448234498
2049;697;3182;-0.002704339162289563
2050;697;3183;-0.00015993278253388714
2051;698;3125;-0.022247385060809394
2052;698;3183;-0.0012972010321177431
2053;698;3184;0.023544586092927137
2054;699;3126;0.0010615715229108657
2055;699;3184;-0.026270602576092202
2056;699;3185;0.02520903105318134
2057;700;3127;0.0019778587591509746
2058;700;3185;-0.001901010254559942
2059;700;3186;-7.684850459103274e-05
2060;701;3128;-0.024165283714588003
2061;701;3186;-0.0009643732401964304
2062;701;3187;0.025129656954784425
2063;702;3129;0.0006735345792896322
2064;702;3187;-0.02700145414219405
2065;703;3130;0.003198346442621231
2066;703;3188;-0.003198346442621231
2067;704;3131;-2.1662283472157677e-05
2068;704;3188;-2.166228347215768e-05
2069;704;3189;4.3324566944315354e-05
2070;705;3132;0.002199555870379763
2071;705;3189;-0.0064190597870408305
2072;705;3190;0.004219503916661067
2073;706;3133;0.007473850201145742
2074;706;3190;-0.004144752994304617
2075;706;3191;-0.0033290972068411254
2076;707;3134;-0.00013953540162910493
2077;707;3191;-7.973857414238358e-05
2078;707;3192;0.00021927397577148848
2079;708;3135;0.002827364453316609
2080;708;3192;-0.009297015482692862
2081;708;3193;0.006469651029376255
2082;709;3136;0.009797100365677575
2083;709;3193;-0.006213601240077952
2084;709;3194;-0.0035834991255996197
2085;710;3137;-0.0003621501929041092
2086;710;3194;-0.00017403025849954337
2087;710;3195;0.0005361804514036526
2088;711;3138;0.0032955996201580046
2089;711;3195;-0.011447195182839908
2090;711;3196;0.0081515955626819
2091;712;3139;0.011367011350289061
2092;712;3196;-0.007604309773378453
2093;712;3197;-0.0037627015769106124
2094;713;3140;-0.0007000414390131552
2095;713;3197;-0.0003060863129509858
2096;713;3198;0.001006127751964141
2097;714;3141;0.0036530769250204013
2098;714;3198;-0.01319422519802475
2099;714;3199;0.00954114827300435
2100;715;3142;0.01242463449471935
2101;715;3199;-0.008580920717096936
2102;715;3200;-0.0038437137776224095
2103;716;3143;-0.0011666858547337297
2104;716;3200;-0.0004761848956038615
2105;716;3201;0.0016428707503375914
2106;717;3144;0.003920436733201311
2107;717;3201;-0.014675819897376693
2108;717;3202;0.010755383164175382
2109;718;3145;0.013070119059331645
2110;718;3202;-0.009245883748608668
2111;718;3203;-0.0038242353107229765
2112;719;3146;-0.0017778433739367653
2113;719;3203;-0.00068281580995877
2114;719;3204;0.002460659183895535
2115;720;3147;0.004108233766496083
2116;720;3204;-0.015969621652872933
2117;720;3205;0.011861387886376844
2118;721;3148;0.013357511340419882
2119;721;3205;-0.009649802637867334
2120;721;3206;-0.003707708702552549
2121;722;3149;-0.0025505552846393858
2122;722;3206;-0.0009217896009731478
2123;722;3207;0.0034723448856125334
2124;723;3150;0.004222318023862254
2125;723;3207;-0.017127551848593568
2126;723;3208;0.012905233824731322
2127;724;3151;0.013323205633298467
2128;724;3208;-0.009821763393122398
2129;724;3209;-0.0035014422401760626
2130;725;3152;-0.003501442240176019
2131;725;3209;-0.0011852426221866344
2132;725;3210;0.0046866848623626535
2133;726;3153;0.004265968632477983
2134;726;3210;-0.018188049302751252
2135;726;3211;0.01392208067027327
2136;727;3154;0.01299837496082885
2137;727;3211;-0.009781534574256904
2138;727;3212;-0.003216840386571951
2139;728;3155;-0.004644156488438928
2140;728;3212;-0.0014607902076697954
2141;728;3213;0.006104946696108724
2142;729;3156;0.004240847751928436
2143;729;3213;-0.019180474180999565
2144;729;3214;0.014939626429071127
2145;730;3157;0.01241558491578606
2146;730;3214;-0.009545896635002047
2147;730;3215;-0.0028696882807840223
2148;731;3158;-0.005986149434088391
2149;731;3215;-0.0017312385848634523
2150;731;3216;0.007717388018951843
2151;732;3159;0.004147607709016801
2152;732;3216;-0.020126079875333172
2153;732;3217;0.01597847216631638
2154;733;3160;0.011612210598545825
2155;733;3217;-0.009132383477273007
2156;733;3218;-0.002479827121272816
2157;734;3161;-0.0075253050793608785
2158;734;3218;-0.0019753636482720566
2159;734;3219;0.009500668727632935
2160;735;3162;0.003986691084617439
2161;735;3219;-0.021037749054089207
2162;735;3220;0.017051057969471775
2163;736;3163;0.010631405109968139
2164;736;3220;-0.008561445189417649
2165;736;3221;-0.0020699599205504906
2166;737;3164;-0.009247304484392642
2167;737;3221;-0.002170123242138549
2168;737;3222;0.011417427726531187
2169;738;3165;0.0037595858343242366
2170;738;3222;-0.021920162571703674
2171;738;3223;0.01816057673737943
2172;739;3166;0.00952108602587667
2173;739;3223;-0.007857491242777424
2174;739;3224;-0.0016635947830992456
2175;740;3167;-0.011124714264328615
2176;740;3224;-0.0022941598883034144
2177;740;3225;0.013418874152632014
2178;741;3168;0.003470260618352646
2179;741;3225;-0.02277156870048514
2180;741;3226;0.019301308082132526
2181;742;3169;0.008331564861538328
2182;742;3226;-0.007049133718486939
2183;742;3227;-0.0012824311430513888
2184;743;3170;-0.013118711723932842
2185;743;3227;-0.0023317138243352607
2186;743;3228;0.01545042554826808
2187;744;3171;0.003126147435349151
2188;744;3228;-0.02358738513635631
2189;744;3229;0.020461237701007218
2190;745;3172;0.007112437401635811
2191;745;3229;-0.0061686138123629684
2192;745;3230;-0.0009438235892728421
2193;746;3173;-0.015183650424566089
2194;746;3230;-0.002275672533716075
2195;746;3231;0.017459322958282168
2196;747;3174;0.002738283630212066
2197;747;3231;-0.024364520203348488
2198;747;3232;0.02162623657313643
2199;748;3175;0.00590909355587132
2200;748;3232;-0.005250077552073409
2201;748;3233;-0.0006590160037979106
2202;749;3176;-0.017273144543349106
2203;749;3233;-0.0021287597641393994
2204;749;3234;0.01940190430748853
2205;750;3177;0.0023205595516863665
2206;750;3234;-0.02510439137817916
2207;750;3235;0.022783831826492844
2208;751;3178;0.004759475601076444
2209;751;3235;-0.004326896568614151
2210;751;3236;-0.0004325790324622928
2211;752;3179;-0.019345352647286457
2212;752;3236;-0.001902607678460481
2213;752;3237;0.021247960325746898
2214;753;3180;0.0018883631495340138
2215;753;3237;-0.025813460729657373
2216;753;3238;0.023925097580123372
2217;754;3181;0.003692124060469663
2218;754;3238;-0.003429045134244485
2219;754;3239;-0.0002630789262251781
2220;755;3182;-0.021365849724202565
2221;755;3239;-0.0016152950990850172
2222;755;3240;0.02298114482328759
2223;756;3183;0.0014571338146516302
2224;756;3240;-0.026501752324452007
2225;756;3241;0.025044618509800387
2226;757;3184;0.002726016483165067
2227;757;3241;-0.002581426042248545
2228;757;3242;-0.00014459044091652199
2229;758;3185;-0.02330802079862139
2230;758;3242;-0.001288339679185373
2231;758;3243;0.024596360477806785
2232;759;3186;0.0010412217447874632
2233;759;3243;-0.027180517448134142
2234;759;3244;0.026139295703346697
2235;760;3187;0.0018717971874096513
2236;760;3244;-0.0018033002116826543
2237;761;3188;0.0032200087260933884
2238;761;3245;-0.005440429766036342
2239;761;3246;0.002220421039942953
2240;762;3189;0.006375735220096514
2241;762;3246;-0.0021982574943178947
2242;762;3247;-0.004177477725778618
2243;763;3190;-7.475092235644971e-05
2244;763;3247;-7.450929468033128e-05
2245;763;3248;0.00014926021703678103
2246;764;3191;0.0034088357809835095
2247;764;3248;-0.008474337774969504
2248;764;3249;0.0050655019939859994
2249;765;3192;0.00907774150692137
2250;765;3249;-0.004905413219023736
2251;765;3250;-0.004172328287897635
2252;766;3193;-0.00025604978929830185
2253;766;3250;-0.00016911720089072502
2254;766;3251;0.00042516699018902695
2255;767;3194;0.003757529384099162
2256;767;3251;-0.010818662615945062
2257;767;3252;0.007061133231845898
2258;768;3195;0.010911014731436259
2259;768;3252;-0.006655044317959921
2260;768;3253;-0.0042559704134763334
2261;769;3196;-0.0005472857893034468
2262;769;3253;-0.0002997809925831965
2263;769;3254;0.0008470667818866434
2264;770;3197;0.004068787889861598
2265;770;3254;-0.012727073568261249
2266;770;3255;0.008658285678399658
2267;771;3198;0.012188097446060605
2268;771;3255;-0.007890300808263395
2269;771;3256;-0.004297796637797207
2270;772;3199;-0.0009602275559074135
2271;772;3256;-0.0004682387547736154
2272;772;3257;0.0014284663106810288
2273;773;3200;0.004319898673226271
2274;773;3257;-0.01434670758406159
2275;773;3258;0.010026808910835325
2276;774;3201;0.013032949147039105
2277;774;3258;-0.008768071788642215
2278;774;3259;-0.004264877358396896
2279;775;3202;-0.001509499415566713
2280;775;3259;-0.0006740207739208111
2281;775;3260;0.002183520189487524
2282;776;3203;0.004507051120681747
2283;776;3260;-0.015762335534298205
2284;776;3261;0.011255284413616454
2285;777;3204;0.013508962468977394
2286;777;3261;-0.009361341481673302
2287;777;3262;-0.004147620987304092
2288;778;3205;-0.00221158524850951
2289;778;3262;-0.000914197167972181
2290;778;3263;0.003125782416481691
2291;779;3206;0.004629498303525696
2292;779;3263;-0.01702949672279084
2293;779;3264;0.012399998419265146
2294;780;3207;0.013655206962981002
2295;780;3264;-0.009709456881465139
2296;780;3265;-0.003945750081515861
2297;781;3208;-0.0030834704316089253
2298;781;3265;-0.0011824982008690696
2299;781;3266;0.004265968632477994
2300;782;3209;0.004686684862362697
2301;782;3266;-0.018188049302751273
2302;782;3267;0.013501364440388543
2303;783;3210;0.013501364440388625
2304;783;3267;-0.009836284396680042
2305;783;3268;-0.0036650800437085717
2306;784;3211;-0.004140546096016366
2307;784;3268;-0.0014684034777560904
2308;784;3269;0.005608949573772457
2309;785;3212;0.004677630594241743
2310;785;3269;-0.01926758638398405
2311;785;3270;0.014589955789742277
2312;786;3213;0.013075527484890877
2313;786;3270;-0.009758728713304892
2314;786;3271;-0.0033167987715859854
2315;787;3214;-0.0053937297940690795
2316;787;3271;-0.0017565830744326306
2317;787;3272;0.0071503128685017105
2318;788;3215;0.004600926865647474
2319;788;3272;-0.020289119135468638
2320;788;3273;0.015688192269821166
2321;789;3216;0.012408691856381347
2322;789;3273;-0.00949161599620807
2323;789;3274;-0.0029170758601732884
2324;790;3217;-0.006846088689043373
2325;790;3274;-0.002027160736532086
2326;790;3275;0.008873249425575458
2327;791;3218;0.004455190769544872
2328;791;3275;-0.021265187086711355
2329;791;3276;0.016809996317166485
2330;792;3219;0.011537080326456275
2331;792;3276;-0.009050865512786919
2332;792;3277;-0.0024862148136693546
2333;793;3220;-0.008489612780054107
2334;793;3277;-0.002257244247731023
2335;793;3278;0.010746857027785177
2336;794;3221;0.004240083162689038
2337;794;3278;-0.022200006824284427
2338;794;3279;0.01795992366159542
2339;795;3222;0.010502734845172487
2340;795;3279;-0.008455681968936087
2341;795;3280;-0.0020470528762364004
2342;796;3223;-0.010303085494602005
2343;796;3280;-0.00242386315645736
2344;796;3281;0.012726948651059364
2345;797;3224;0.00395775467140266
2346;797;3281;-0.02309097198321438
2347;797;3282;0.01913321731181172
2348;798;3225;0.009352694547853126
2349;798;3282;-0.0077300710746116205
2350;798;3283;-0.0016226234732415056
2351;799;3226;-0.012252174363645583
2352;799;3283;-0.00250784319784244
2353;799;3284;0.014760017561488013
2354;800;3227;0.0036141449673866488
2355;800;3284;-0.023932108716020382
2356;800;3285;0.020317963748633622
2357;801;3228;0.00813695958808823
2358;801;3285;-0.006903535676319737
2359;801;3286;-0.0012334239117684936
2360;802;3229;-0.014292623888644235
2361;802;3286;-0.0024975262845094446
2362;802;3287;0.016790150173153686
2363;803;3230;0.003219496122988918
2364;803;3287;-0.024718793872069295
2365;803;3288;0.021499297749080375
2366;804;3231;0.00690519724506632
2367;804;3288;-0.0060102816739655675
2368;804;3289;-0.0008949155711007516
2369;805;3232;-0.01637615902106302
2370;805;3289;-0.0023910845702966722
2371;805;3290;0.018767243591359693
2372;806;3233;0.002787775767937302
2373;806;3290;-0.02545165573627272
2374;806;3291;0.02266387996833541
2375;807;3234;0.005702487070690632
2376;807;3291;-0.00508654658871734
2377;807;3292;-0.0006159404819732926
2378;808;3235;-0.018456935257878695
2379;808;3292;-0.0021966302434598133
2380;808;3293;0.020653565501338504
2381;809;3236;0.0023351867109227737
2382;809;3293;-0.026137744411885842
2383;809;3294;0.02380255770096307
2384;810;3237;0.004565500403910474
2385;810;3294;-0.004166989441337996
2386;810;3295;-0.0003985109625724783
2387;811;3238;-0.020496052445878876
2388;811;3295;-0.0019302547336764572
2389;811;3296;0.022426307179555325
2390;812;3239;0.0018783740253101957
2391;812;3296;-0.02678901576293489
2392;812;3297;0.024910641737624674
2393;813;3240;0.003520607501164418
2394;813;3297;-0.0032817135293029677
2395;813;3298;-0.00023889397186145015
2396;814;3241;-0.022463192467551844
2397;814;3298;-0.0016129437779610627
2398;814;3299;0.0240761362455129
2399;815;3242;0.0014329301201018948
2400;815;3299;-0.027419556796851853
2401;815;3300;0.025986626676749953
2402;816;3243;0.0025841569703273577
2403;816;3300;-0.0024547276797930997
2404;816;3301;-0.00012942929053425765
2405;817;3244;-0.02433599549166403
2406;817;3301;-0.0012674377399740434
2407;818;3245;0.005440429766036342
2408;818;3302;-0.005440429766036342
2409;819;3246;-2.216354562505593e-05
2410;819;3302;-5.430466167018341e-05
2411;819;3303;7.646820729523935e-05
2412;820;3247;0.00425198702045895
2413;820;3303;-0.007719657287170486
2414;820;3304;0.0034676702667115356
2415;821;3248;0.008325077557932721
2416;821;3304;-0.00338922605311156
2417;821;3305;-0.004935851504821162
2418;822;3249;-0.00016008877496226354
2419;822;3305;-0.00015878810226487282
2420;822;3306;0.00031887687722713636
2421;823;3250;0.00434144548878836
2422;823;3306;-0.010167018741837328
2423;823;3307;0.005825573253048969
2424;824;3251;0.010393495625756035
2425;824;3307;-0.005547460212026964
2426;824;3308;-0.00484603541372907
2427;825;3252;-0.0004060889138859764
2428;825;3308;-0.0002900983447775687
2429;825;3309;0.0006961872586635451
2430;826;3253;0.004555751406059535
2431;826;3309;-0.012212857979688924
2432;826;3310;0.007657106573629383
2433;827;3254;0.01188000678637459
2434;827;3310;-0.007066555998098342
2435;827;3311;-0.004813450788276254
2436;828;3255;-0.0007679848701362625
2437;828;3311;-0.0004573926219485436
2438;828;3312;0.0012253774920848062
2439;829;3256;0.004766035392570823
2440;829;3312;-0.013961182251238683
2441;829;3313;0.00919514685866786
2442;830;3257;0.012918241273380546
2443;830;3313;-0.00816962556590708
2444;830;3314;-0.004748615707473464
2445;831;3258;-0.0012587371221931107
2446;831;3314;-0.000662046024219363
2447;831;3315;0.0019207831464124736
2448;832;3259;0.004938898132317709
2449;832;3315;-0.015494262684575525
2450;832;3316;0.010555364552257817
2451;833;3260;0.01357881534481069
2452;833;3316;-0.008958207569392395
2453;833;3317;-0.004620607775418289
2454;834;3261;-0.0018939429319431529
2455;834;3317;-0.0009025436295927046
2456;834;3318;0.002796486561535858
2457;835;3262;0.005061818155276273
2458;835;3318;-0.01686908052588279
2459;835;3319;0.011807262370606511
2460;836;3263;0.013903714306309147
2461;836;3319;-0.009485377895705879
2462;836;3320;-0.0044183364106032685
2463;837;3264;-0.0026905415378000053
2464;837;3320;-0.0011742155552179967
2465;837;3321;0.003864757093018002
2466;838;3265;0.0051282482823848995
2467;838;3321;-0.018126623243213603
2468;838;3322;0.012998374960828764
2469;839;3266;0.013922080670273337
2470;839;3322;-0.009781534574256881
2471;839;3323;-0.004140546096016432
2472;840;3267;-0.0036650800437085
2473;840;3323;-0.0014684034777560887
2474;840;3324;0.005133483521464588
2475;841;3268;0.005133483521464662
2476;841;3324;-0.019296942101769368
2477;841;3325;0.014163458580304707
2478;842;3269;0.013658636810211592
2479;842;3325;-0.009865710571059845
2480;842;3326;-0.0037929262391517456
2481;843;3270;-0.0048312270764373855
2482;843;3326;-0.0017717311850874782
2483;843;3327;0.006602958261524863
2484;844;3271;0.005073381846018614
2485;844;3327;-0.020401061879083957
2486;844;3328;0.015327680033065344
2487;845;3272;0.01313880626696693
2488;845;3328;-0.009751657352717154
2489;845;3329;-0.003387148914249778
2490;846;3273;-0.0061965762736130945
2491;846;3329;-0.002065953158129206
2492;846;3330;0.008262529431742301
2493;847;3274;0.004944236596705378
2494;847;3330;-0.021451264645235536
2495;847;3331;0.01650702804853016
2496;848;3275;0.012391937661135898
2497;848;3331;-0.009451796457306452
2498;848;3332;-0.0029401412038294315
2499;849;3276;-0.007759130804379564
2500;849;3332;-0.002328861339331759
2501;849;3333;0.010087992143711325
2502;850;3277;0.004743459061400379
2503;850;3333;-0.022451133934762755
2504;850;3334;0.01770767487336237
2505;851;3278;0.011453149796499248
2506;851;3334;-0.008980249590873573
2507;851;3335;-0.002472900205625675
2508;852;3279;-0.009504241692659308
2509;852;3335;-0.0025365752067381233
2510;852;3336;0.01204081689939743
2511;853;3280;0.004470916032693761
2512;853;3336;-0.023396698213241238
2513;853;3337;0.018925782180547475
2514;854;3281;0.010364023332155015
2515;854;3337;-0.008355443586572728
2516;854;3338;-0.0020085797455822872
2517;855;3282;-0.011403146237200098
2518;855;3338;-0.0026671018521589847
2519;855;3339;0.014070248089359083
2520;856;3283;0.0041304666710839525
2521;856;3339;-0.024279621724023905
2522;856;3340;0.020149155052939953
2523;857;3284;0.009172091154532372
2524;857;3340;-0.007602205123129473
2525;857;3341;-0.0015698860314028984
2526;858;3285;-0.01341442807231389
2527;858;3341;-0.002704411101610875
2528;858;3342;0.016118839173924766
2529;859;3286;0.0037309501962779386
2530;859;3342;-0.025092287949182664
2531;859;3343;0.021361337752904636
2532;860;3287;0.007928643698915609
2533;860;3343;-0.006752481202410014
2534;860;3344;-0.0011761624965055954
2535;861;3288;-0.015489016075114805
2536;861;3344;-0.002641771542274409
2537;861;3345;0.01813078761738921
2538;862;3289;0.0032860001413974236
2539;862;3345;-0.025832900971159287
2540;862;3346;0.02254690082976181
2541;863;3290;0.0066844121449130284
2542;863;3346;-0.005843552395079623
2543;863;3347;-0.0008408597498334057
2544;864;3291;-0.017577333379617935
2545;864;3347;-0.002483105165022909
2546;864;3348;0.020060438544640846
2547;865;3292;0.0028125707254331167
2548;865;3348;-0.02650789022205166
2549;865;3349;0.023695319496618544
2550;866;3293;0.0054841789105473365
2551;866;3349;-0.004913971728617687
2552;866;3350;-0.0005702071819296483
2553;867;3294;-0.019635568259625074
2554;867;3350;-0.0022418627626667577
2555;867;3351;0.021877431022291793
2556;868;3295;0.0023287656962489344
2557;868;3351;-0.02713068575443133
2558;868;3352;0.024801920058182398
2559;869;3296;0.0043627085833795685
2560;869;3352;-0.003999194920967469
2561;869;3353;-0.00036351366241209874
2562;870;3297;-0.021628928208321713
2563;870;3353;-0.001938078549974393
2564;870;3354;0.023567006758296104
2565;871;3298;0.001851837749822512
2566;871;3354;-0.027718379505589467
2567;871;3355;0.025866541755766918
2568;872;3299;0.0033434205513389525
2569;872;3355;-0.00312866368473407
2570;872;3356;-0.0002147568666048825
2571;873;3300;-0.023531898996956856
2572;873;3356;-0.0015948636144125484
2573;873;3357;0.025126762611369396
2574;874;3301;0.0013968670305083003
2575;874;3357;-0.02828820413430469
2576;875;3302;0.005494734427706526
2577;875;3358;-0.007222582134017992
2578;875;3359;0.0017278477063114666
2579;876;3303;0.007643189079875246
2580;876;3359;-0.0017068272224409976
2581;876;3360;-0.005936361857434248
2582;877;3304;-7.844421359997553e-05
2583;877;3360;-0.00013563347907705005
2584;877;3361;0.0002140776926770255
2585;878;3305;0.005094639607086036
2586;878;3361;-0.009546901022524295
2587;878;3362;0.004452261415438256
2588;879;3306;0.009848141864610192
2589;879;3362;-0.004285647181182076
2590;879;3363;-0.005562494683428116
2591;880;3307;-0.00027811304102200364
2592;880;3363;-0.00027415212922587745
2593;880;3364;0.0005522651702478811
2594;881;3308;0.005136133758506639
2595;881;3364;-0.011675358866732898
2596;881;3365;0.006539225108226259
2597;882;3309;0.011516670721025383
2598;882;3365;-0.006109927999975321
2599;882;3366;-0.005406742721050064
2600;883;3310;-0.0005905505755310396
2601;883;3366;-0.00044219972332627697
2602;883;3367;0.0010327502988573167
2603;884;3311;0.005270843410224795
2604;884;3367;-0.013532237617210972
2605;884;3368;0.008261394206986178
2606;885;3312;0.012735804759153879
2607;885;3368;-0.007451074064404628
2608;885;3369;-0.005284730694749249
2609;886;3313;-0.001025521292760779
2610;886;3369;-0.000646107343036685
2611;886;3370;0.0016716286357974642
2612;887;3314;0.005410661731692827
2613;887;3370;-0.015173320483282581
2614;887;3371;0.009762658751589753
2615;888;3315;0.013573479538163048
2616;888;3371;-0.00844148326541971
2617;888;3372;-0.005131996272743341
2618;889;3316;-0.001597156982865422
2619;889;3372;-0.0008864217866013149
2620;889;3373;0.002483578769466737
2621;890;3317;0.005523151405010993
2622;890;3373;-0.016650960835870744
2623;890;3374;0.011127809430859734
2624;891;3318;0.014072593964346937
2625;891;3374;-0.009150658683588837
2626;891;3375;-0.004921935280758123
2627;892;3319;-0.002321884474900633
2628;892;3375;-0.0011602312182316904
2629;892;3376;0.0034821156931323233
2630;893;3320;0.005592551965821265
2631;893;3376;-0.018005636361326086
2632;893;3377;0.012413084395504821
2633;894;3321;0.014261866150195555
2634;894;3377;-0.009617709661756593
2635;894;3378;-0.004644156488438965
2636;895;3322;-0.0032168403865718816
2637;895;3378;-0.001460790207669778
2638;895;3379;0.00467763059424166
2639;896;3323;0.005608949573772523
2640;896;3379;-0.019267586383984
2641;896;3380;0.01365863681021148
2642;897;3324;0.014163458580304782
2643;897;3380;-0.009865710571059828
2644;897;3381;-0.004297748009244956
2645;898;3325;-0.004297748009244862
2646;898;3381;-0.001776772221677026
2647;898;3382;0.006074520230921889
2648;899;3326;0.0055646574242392225
2649;899;3382;-0.020458012587689055
2650;899;3383;0.014893355163449817
2651;900;3327;0.013798103617559093
2652;900;3383;-0.009909067631920846
2653;900;3384;-0.003889035985638246
2654;901;3328;-0.005576022680348187
2655;901;3384;-0.0020918157978986203
2656;901;3385;0.0076678384782468065
2657;902;3329;0.005453102072378979
2658;902;3385;-0.021589182307496416
2659;902;3386;0.016136080235117436
2660;903;3330;0.013188735213493267
2661;903;3386;-0.009758094458954956
2662;903;3387;-0.003430640754538295
2663;904;3331;-0.007055231591223704
2664;904;3387;-0.0023848846550589245
2665;904;3388;0.009440116246282628
2666;905;3332;0.005269002543161193
2667;905;3388;-0.02266421327823404
2668;905;3389;0.017395210735072848
2669;906;3333;0.012363141791051423
2670;906;3389;-0.009422562620160195
2671;906;3390;-0.0029405791708912252
2672;907;3334;-0.0087274252824888
2673;907;3390;-0.002631884990007546
2674;907;3391;0.011359310272496377
2675;908;3335;0.005009475412363799
2676;908;3391;-0.02367772044894504
2677;908;3392;0.01866824503658124
2678;909;3336;0.011355881313843807
2679;909;3392;-0.008915051969100007
2680;909;3393;-0.002440829344743799
2681;910;3337;-0.010570338593974762
2682;910;3393;-0.0028087055084207446
2683;910;3394;0.013379044102395507
2684;911;3338;0.004675681597741272
2685;911;3394;-0.024618497723388665
2686;911;3395;0.019942816125647397
2687;912;3339;0.010209373634664821
2688;912;3395;-0.00825426675407329
2689;912;3396;-0.0019551068805915323
2690;913;3340;-0.012546949929810477
2691;913;3396;-0.0028953071858137847
2692;913;3397;0.015442257115624268
2693;914;3341;0.004274297133013773
2694;914;3397;-0.025474682628222244
2695;914;3398;0.021200385495208474
2696;915;3342;0.008973448775257898
2697;915;3398;-0.007467537023402903
2698;915;3399;-0.0015059117518549953
2699;916;3343;-0.014608856550494622
2700;916;3399;-0.002879838774976301
2701;916;3400;0.01748869532547092
2702;917;3344;0.003817934038780005
2703;917;3400;-0.026240110819511737
2704;917;3401;0.022422176780731717
2705;918;3345;0.007702113353770072
2706;918;3401;-0.006590795616924762
2707;918;3402;-0.001111317736845311
2708;919;3346;-0.016703348434682182
2709;919;3402;-0.0027613293246076774
2710;919;3403;0.01946467775928986
2711;920;3347;0.0033239649148563244
2712;920;3403;-0.026918663086990445
2713;920;3404;0.02359469817213411
2714;921;3348;0.006447451677410813
2715;921;3404;-0.005665011309728422
2716;921;3405;-0.0007824403676823912
2717;922;3349;-0.018781347768000854
2718;922;3405;-0.00254977877454646
2719;922;3406;0.02133112654254732
2720;923;3350;0.0028120699445964062
2721;923;3406;-0.02752409998304823
2722;923;3407;0.0247120300384518
2723;924;3351;0.005253254732139538
2724;924;3407;-0.004730678837490811
2725;924;3408;-0.0005225758946487268
2726;925;3352;-0.020802725137214928
2727;925;3408;-0.0022636882207060756
2728;925;3409;0.023066413357921
2729;926;3353;0.002301592212386492
2730;926;3409;-0.028076311557505885
2731;926;3410;0.025774719345119376
2732;927;3354;0.004151372747293361
2733;927;3410;-0.003823175585853899
2734;927;3411;-0.000328197161439462
2735;928;3355;-0.02273787807103285
2736;928;3411;-0.0019262936419443722
2737;928;3412;0.024664171712977218
2738;929;3356;0.0018096204810174308
2739;929;3412;-0.028596700526135634
2740;929;3413;0.026787080045118213
2741;930;3357;0.003161441522935346
2742;930;3413;-0.0029703665051426477
2743;931;3358;0.007222582134017992
2744;931;3414;-0.007222582134017993
2745;932;3359;-2.1020483870469603e-05
2746;932;3414;-8.78677968530979e-05
2747;932;3415;0.00010888828072356751
2748;933;3360;0.006071995336511298
2749;933;3415;-0.009043552331680357
2750;933;3416;0.0029715569951690576
2751;934;3361;0.009332823329847268
2752;934;3416;-0.002893751053235395
2753;934;3417;-0.006439072276611873
2754;935;3362;-0.00016661423425617792
2755;935;3417;-0.000246492733305013
2756;935;3418;0.00041310696756119094
2757;936;3363;0.0058366468126539945
2758;936;3418;-0.011149634689187646
2759;936;3419;0.005312987876533649
2760;937;3364;0.011123093696485016
2761;937;3419;-0.0050262602900509115
2762;937;3420;-0.006096833406434103
2763;938;3365;-0.00042929710825093917
2764;938;3420;-0.0004201270516065589
2765;938;3421;0.0008494241598574982
2766;939;3366;0.005848942444376347
2767;939;3421;-0.013078091822833367
2768;939;3422;0.007229149378457032
2769;940;3367;0.012499487318353656
2770;940;3422;-0.006614929020639775
2771;940;3423;-0.005884558297713881
2772;941;3368;-0.0008103201425815488
2773;941;3423;-0.0006248770482705653
2774;941;3424;0.001435197190852114
2775;942;3369;0.005930838037785933
2776;942;3424;-0.014810408070454445
2777;942;3425;0.008879570032668491
2778;943;3370;0.01350169184748512
2779;943;3425;-0.007813199956215204
2780;943;3426;-0.005688491891269919
2781;944;3371;-0.0013211754861700438
2782;944;3426;-0.0008651312113954657
2783;944;3427;0.0021863066975655095
2784;945;3372;0.006018418059344655
2785;945;3427;-0.01638194116363853
2786;945;3428;0.010363523104293877
2787;946;3373;0.01416738206640401
2788;946;3428;-0.008707172672622701
2789;946;3429;-0.005460209393781299
2790;947;3374;-0.0019771507472708958
2791;947;3429;-0.0011402211557641636
2792;947;3430;0.003117371903035059
2793;948;3375;0.006082166498989825
2794;948;3430;-0.017828860878623454
2795;948;3431;0.01174669437963363
2796;949;3376;0.014523520668193762
2797;949;3431;-0.009346104278515281
2798;949;3432;-0.005177416389678493
2799;950;3377;-0.002795374733748227
2800;950;3432;-0.001445473018180089
2801;950;3433;0.004240847751928316
2802;951;3378;0.006104946696108744
2803;951;3433;-0.019180474180999503
2804;951;3434;0.013075527484890747
2805;952;3379;0.01458995578974234
2806;952;3434;-0.009758728713304864
2807;952;3435;-0.004831227076437478
2808;953;3380;-0.003792926239151652
2809;953;3435;-0.0017717311850874709
2810;953;3436;0.005564657424239122
2811;954;3381;0.00607452023092199
2812;954;3436;-0.020458012587689055
2813;954;3437;0.014383492356767067
2814;955;3382;0.014383492356767167
2815;955;3437;-0.009961769393849622
2816;955;3438;-0.004421722962917557
2817;956;3383;-0.004984287531528973
2818;956;3438;-0.0021047531348007643
2819;956;3439;0.007089040666329736
2820;957;3384;0.005980851783536866
2821;957;3439;-0.02167395916047169
2822;957;3440;0.015693107376934835
2823;958;3385;0.013921343829249604
2824;958;3440;-0.009965005639385363
2825;958;3441;-0.0039563381898642435
2826;959;3386;-0.006377985776162484
2827;959;3441;-0.0024251239676214183
2828;959;3442;0.008803109743783902
2829;960;3387;0.0058155254095972105
2830;960;3442;-0.022831334794801407
2831;960;3443;0.0170158093852042
2832;961;3388;0.013224097031951428
2833;961;3443;-0.00977506645124053
2834;961;3444;-0.0034490305807109043
2835;962;3389;-0.007972648114912651
2836;962;3444;-0.002709221840854038
2837;962;3445;0.01068186995576669
2838;963;3390;0.005572464160898778
2839;963;3445;-0.023923687996970706
2840;963;3446;0.01835122383607189
2841;964;3391;0.012318410176448663
2842;964;3446;-0.009399123468224989
2843;964;3447;-0.002919286708223675
2844;965;3392;-0.009753193067481234
2845;965;3447;-0.0029316040037906162
2846;965;3448;0.01268479707127185
2847;966;3393;0.005249534853164543
2848;966;3448;-0.02493698759652528
2849;966;3449;0.01968745274336074
2850;967;3394;0.01123945362099316
2851;967;3449;-0.00884901691841224
2852;967;3450;-0.0023904367025809185
2853;968;3395;-0.011688549371574111
2854;968;3450;-0.0030687939343380403
2855;968;3451;0.014757343305912142
2856;969;3396;0.004850414066405317
2857;969;3451;-0.025854394751281602
2858;969;3452;0.021003980684876314
2859;970;3397;0.010032425512597976
2860;970;3452;-0.008145403604161524
2861;970;3453;-0.001887021908436451
2862;971;3398;-0.013732848471805557
2863;971;3453;-0.0031038208823313497
2864;971;3454;0.016836669354136906
2865;972;3399;0.004385750526831297
2866;972;3454;-0.026663511329163933
2867;972;3455;0.02227776080233264
2868;973;3400;0.008751415494040817
2869;973;3455;-0.00732009435107294
2870;973;3456;-0.0014313211429678777
2871;974;3401;-0.01583138116380696
2872;974;3456;-0.003030159441821164
2873;974;3457;0.018861540605628124
2874;975;3402;0.0038726470614529893
2875;975;3457;-0.02736313636738267
2876;975;3458;0.023490489305929688
2877;976;3403;0.007453985327700583
2878;976;3458;-0.0064142172388184995
2879;976;3459;-0.0010397680888820828
2880;977;3404;-0.017929686862405682
2881;977;3459;-0.002853380681109117
2882;977;3460;0.0207830675435148
2883;978;3405;0.003332219142228851
2884;978;3460;-0.02796533536971773
2885;978;3461;0.024633116227488875
2886;979;3406;0.0061929734405009075
2887;979;3461;-0.005472348259718221
2888;979;3462;-0.0007206251807826873
2889;980;3407;-0.019981351200961006
2890;980;3462;-0.0025896422557010667
2891;980;3463;0.02257099345666206
2892;981;3408;0.002786264115354802
2893;981;3463;-0.028491951450423124
2894;981;3464;0.025705687335068318
2895;982;3409;0.005009898199584882
2896;982;3464;-0.004535993053555622
2897;982;3465;-0.00047390514602926105
2898;983;3410;-0.021951543759265446
2899;983;3465;-0.0022619015553668243
2900;983;3466;0.02421344531463227
2901;984;3411;0.0022544908033838343
2902;984;3466;-0.02896872714989745
2903;984;3467;0.02671423634651362
2904;985;3412;0.0039325288131584184
2905;985;3467;-0.003639336097407372
2906;985;3468;-0.0002931927157510464
2907;986;3413;-0.023816713539975547
2908;986;3468;-0.001895630326308059
2909;987;3414;0.007310449930871092
2910;987;3469;-0.008760890936345394
2911;987;3470;0.0014504410054743018
2912;988;3415;0.008934664050956788
2913;988;3470;-0.0014304832810240822
2914;988;3471;-0.007504180769932705
2915;989;3416;-7.780594193366296e-05
2916;989;3471;-0.00019888078071085596
2917;989;3472;0.000276686722644519
2918;990;3417;0.006685565009916888
2919;990;3472;-0.01068443440476289
2920;990;3473;0.003998869394846003
2921;991;3418;0.010736527721626456
2922;991;3473;-0.003831815186781211
2923;991;3474;-0.006904712534845243
2924;992;3419;-0.00028672758648273723
2925;992;3474;-0.00038696621077735654
2926;992;3475;0.0006736937972600936
2927;993;3420;0.006516960458040661
2928;993;3475;-0.012623471462790588
2929;993;3476;0.006106511004749926
2930;994;3421;0.012228667662975869
2931;994;3476;-0.005667391800994796
2932;994;3477;-0.006561275861981073
2933;995;3422;-0.0006142203578172585
2934;995;3477;-0.0005961980418876671
2935;995;3478;0.0012104183997049237
2936;996;3423;0.006509435345984445
2937;996;3478;-0.01442002278859925
2938;996;3479;0.007910587442614787
2939;997;3424;0.01337521087960233
2940;997;3479;-0.00707699768361118
2941;997;3480;-0.006298213195991149
2942;998;3425;-0.0010663700764532867
2943;998;3480;-0.0008375288139158232
2944;998;3481;0.0019038988903691098
2945;999;3426;0.006553623102665387
2946;999;3481;-0.01607123265380292
2947;999;3482;0.009517609551137533
2948;1000;3427;0.014195634466073019
2949;1000;3482;-0.008157782569500404
2950;1000;3483;-0.006037851896572615
2951;1001;3428;-0.0016563504316711745
2952;1001;3483;-0.0011136220338161824
2953;1001;3484;0.002769972465487357
2954;1002;3429;0.006600430549545462
2955;1002;3484;-0.017602054114116868
2956;1002;3485;0.011001623564571399
2957;1003;3430;0.014711488975588393
2958;1003;3485;-0.008968950429789499
2959;1003;3486;-0.005742538545798894
2960;1004;3431;-0.0024005901011183504
2961;1004;3486;-0.0014222411034302117
2962;1004;3487;0.0038228312045485617
2963;1005;3432;0.006622889407858599
2964;1005;3487;-0.01903847432364457
2965;1005;3488;0.012415584915785954
2966;1006;3433;0.014939626429071155
2967;1006;3488;-0.009545896635002013
2968;1006;3489;-0.005393729794069154
2969;1007;3434;-0.003316798771585883
2970;1007;3489;-0.0017565830744326093
2971;1007;3490;0.005073381846018492
2972;1008;3435;0.00660295826152495
2973;1008;3490;-0.02040106187908391
2974;1008;3491;0.013798103617558972
2975;1009;3436;0.014893355163449928
2976;1009;3491;-0.00990906763192084
2977;1009;3492;-0.0049842875315290885
2978;1010;3437;-0.004421722962917445
2979;1010;3492;-0.002104753134800759
2980;1010;3493;0.006526476097718203
2981;1011;3438;0.006526476097718321
2982;1011;3493;-0.0217025582065658
2983;1011;3494;0.015176082108847478
2984;1012;3439;0.014584918494141952
2985;1012;3494;-0.010069284683146808
2986;1012;3495;-0.004515633810995144
2987;1013;3440;-0.0057281017375494705
2988;1013;3495;-0.0024493719329777863
2989;1013;3496;0.008177473670527258
2990;1014;3441;0.006381462157485663
2991;1014;3496;-0.02294630544522657
2992;1014;3497;0.01656484328774091
2993;1015;3442;0.014028225051017511
2994;1015;3497;-0.010031541767118766
2995;1015;3498;-0.003996683283898747
2996;1016;3443;-0.00724074293396367
2997;1016;3498;-0.002767953750861447
2998;1016;3499;0.010008696684825118
2999;1017;3444;0.006158252421564942
3000;1017;3499;-0.024125401997135917
3001;1017;3500;0.017967149575570975
3002;1018;3445;0.013241818041204013
3003;1018;3500;-0.009798657878964293
3004;1018;3501;-0.0034431601622397215
3005;1019;3446;-0.008952100367846954
3006;1019;3501;-0.003034573417245082
3007;1019;3502;0.011986673785092047
3008;1020;3447;0.0058508907120142905
3009;1020;3502;-0.025223557231351612
3010;1020;3503;0.019372666519337278
3011;1021;3448;0.012252190525253432
3012;1021;3503;-0.009375683547814057
3013;1021;3504;-0.002876506977439375
3014;1022;3449;-0.010838435824948497
3015;1022;3504;-0.0032230924384350386
3016;1022;3505;0.014061528263383537
3017;1023;3450;0.0054592306369189575
3018;1023;3505;-0.02621894020872892
3019;1023;3506;0.020759709571809958
3020;1024;3451;0.011097051445369458
3021;1024;3506;-0.008775199060410657
3022;1024;3507;-0.0023218523849588024
3023;1025;3452;-0.012858577080714789
3024;1025;3507;-0.00331171293060874
3025;1025;3508;0.01617029001132353
3026;1026;3453;0.004990842790767799
3027;1026;3508;-0.027091587380883728
3028;1026;3509;0.022100744590115896
3029;1027;3454;0.00982684197502703
3030;1027;3509;-0.008022088622478898
3031;1027;3510;-0.0018047533525481323
3032;1028;3455;-0.014957666451259701
3033;1028;3510;-0.003287861646625409
3034;1028;3511;0.018245528097885107
3035;1029;3456;0.00446148058478904
3036;1029;3511;-0.02783243434858327
3037;1029;3512;0.023370953763794236
3038;1030;3457;0.008501595761754547
3039;1030;3512;-0.007154613833747652
3040;1030;3513;-0.0013469819280068948
3041;1031;3458;-0.017076272067111195
3042;1031;3513;-0.003151578979075354
3043;1031;3514;0.020227851046186525
3044;1032;3459;0.0038931487699912053
3045;1032;3514;-0.028448859558308344
3046;1032;3515;0.024555710788317156
3047;1033;3460;0.007182267826202928
3048;1033;3515;-0.006219610287592601
3049;1033;3516;-0.0009626575386103279
3050;1034;3461;-0.019160767967770654
3051;1034;3516;-0.002915572248914886
3052;1034;3517;0.02207634021668555
3053;1035;3462;0.0033102674364837536
3054;1035;3517;-0.028962866530763652
3055;1035;3518;0.025652599094279898
3056;1036;3463;0.005920957993761064
3057;1036;3518;-0.005264405935906394
3058;1036;3519;-0.0006565520578546707
3059;1037;3464;-0.021169694281512705
3060;1037;3519;-0.0026018649338470415
3061;1037;3520;0.02377155921535975
3062;1038;3465;0.0027358067013960857
3063;1038;3520;-0.029404205390764673
3064;1038;3521;0.026668398689368607
3065;1039;3466;0.004755281835265178
3066;1039;3521;-0.004330169550660864
3067;1039;3522;-0.00042511228460431446
3068;1040;3467;-0.023074900249106252
3069;1040;3522;-0.00223693762810758
3070;1040;3523;0.025311837877213823
3071;1041;3468;0.0021888230420591065
3072;1041;3523;-0.02980324058860461
3073;1042;3469;0.008760890936345394
3074;1042;3524;-0.008760890936345394
3075;1043;3470;-1.995772445021969e-05
3076;1043;3524;-0.00012054778276820191
3077;1043;3525;0.0001405055072184216
3078;1044;3471;0.007703061550643561
3079;1044;3525;-0.010337730162686038
3080;1044;3526;0.0026346686120424763
3081;1045;3472;0.010407747682118372
3082;1045;3526;-0.0025587265846913135
3083;1045;3527;-0.007849021097427059
3084;1046;3473;-0.000167054208064792
3085;1046;3527;-0.00033661268532027185
3086;1046;3528;0.0005036668933850638
3087;1047;3474;0.007291678745622601
3088;1047;3528;-0.012200354886839921
3089;1047;3529;0.004908676141217321
3090;1048;3475;0.011949777665530494
3091;1048;3529;-0.004620693632617315
3092;1048;3530;-0.0073290840329131805
3093;1049;3476;-0.0004391192037551297
3094;1049;3530;-0.0005567471018558954
3095;1049;3531;0.0009958663056110252
3096;1050;3477;0.007157473903868738
3097;1050;3531;-0.014020817019249456
3098;1050;3532;0.006863343115380723
3099;1051;3478;0.013209604388894326
3100;1051;3532;-0.0062390832035837855
3101;1051;3533;-0.00697052118531054
3102;1052;3479;-0.0008335897590036063
3103;1052;3533;-0.000801835023442048
3104;1052;3534;0.0016354247824456542
3105;1053;3480;0.007135742009906969
3106;1053;3534;-0.01573073590176708
3107;1053;3535;0.008594993891860112
3108;1054;3481;0.01416733376343381
3109;1054;3535;-0.0075067237568994805
3110;1054;3536;-0.0066606100065343295
3111;1055;3482;-0.0013598269816371287
3112;1055;3536;-0.0010795203609358036
3113;1055;3537;0.002439347342572932
3114;1056;3483;0.0071514739303887975
3115;1056;3537;-0.01733305919232113
3116;1056;3538;0.010181585261932333
3117;1057;3484;0.014832081648629512
3118;1057;3538;-0.008489543017746744
3119;1057;3539;-0.006342538630882766
3120;1058;3485;-0.0020326731347818983
3121;1058;3539;-0.0013907053703598711
3122;1058;3540;0.0034233785051417695
3123;1059;3486;0.007164779649229106
3124;1059;3540;-0.018846378772259163
3125;1059;3541;0.01168159912303006
3126;1060;3487;0.015215643119096013
3127;1060;3541;-0.009229493685007535
3128;1060;3542;-0.0059861494340884515
3129;1061;3488;-0.002869688280783941
3130;1061;3542;-0.0017312385848634263
3131;1061;3543;0.004600926865647367
3132;1062;3489;0.007150312868501771
3133;1062;3543;-0.020289119135468568
3134;1062;3544;0.013138806266966795
3135;1063;3490;0.015327680033065418
3136;1063;3544;-0.00975165735271713
3137;1063;3545;-0.005576022680348297
3138;1064;3491;-0.0038890359856381326
3139;1064;3545;-0.0020918157978986047
3140;1064;3546;0.005980851783536737
3141;1065;3492;0.007089040666329848
3142;1065;3546;-0.021673959160471677
3143;1065;3547;0.014584918494141834
3144;1066;3493;0.015176082108847617
3145;1066;3547;-0.010069284683146815
3146;1066;3548;-0.005106797425700804
3147;1067;3494;-0.005106797425700672
3148;1067;3548;-0.002457473571911323
3149;1067;3549;0.007564270997611996
3150;1068;3495;0.006965005743972932
3151;1068;3549;-0.023004872522176138
3152;1068;3550;0.016039866778203207
3153;1069;3496;0.014768831774699315
3154;1069;3550;-0.01018734476802309
3155;1069;3551;-0.004581487006676224
3156;1070;3497;-0.006533301520622144
3157;1070;3551;-0.0028074915398091315
3158;1070;3552;0.009340793060431276
3159;1071;3498;0.00676463703476019
3160;1071;3552;-0.024275238155440974
3161;1071;3553;0.017510601120680782
3162;1072;3499;0.014116705312310802
3163;1072;3553;-0.010105811805635755
3164;1072;3554;-0.004010893506675045
3165;1073;3500;-0.008168491696606682
3166;1073;3554;-0.003116341402397611
3167;1073;3555;0.011284833099004292
3168;1074;3501;0.006477733579484801
3169;1074;3555;-0.025467465126965676
3170;1074;3556;0.018989731547480876
3171;1075;3502;0.013236883446259569
3172;1075;3556;-0.009823821232309047
3173;1075;3557;-0.003413062213950521
3174;1076;3503;-0.009996982971523223
3175;1076;3557;-0.0033561730368135397
3176;1076;3558;0.013353156008336755
3177;1077;3504;0.006099599415874417
3178;1077;3558;-0.026555457838647073
3179;1077;3559;0.020455858422772675
3180;1078;3505;0.012157411945345382
3181;1078;3559;-0.00934539720765386
3182;1078;3560;-0.0028120147376915227
3183;1079;3506;-0.011984510511399298
3184;1079;3560;-0.003500987983620449
3185;1079;3561;0.015485498495019758
3186;1080;3507;0.005633565315567543
3187;1080;3561;-0.027511267212883005
3188;1080;3562;0.021877701897315468
3189;1081;3508;0.010921297369560198
3190;1081;3562;-0.00868615297713752
3191;1081;3563;-0.002235144392422679
3192;1082;3509;-0.014078655967637
3193;1082;3563;-0.003531995121632441
3194;1082;3564;0.017610651089269444
3195;1083;3510;0.005092614999173542
3196;1083;3564;-0.028315527672412855
3197;1083;3565;0.023222912673239306
3198;1084;3511;0.009586906250698161
3199;1084;3565;-0.007877917360704308
3200;1084;3566;-0.0017089888899938527
3201;1085;3512;-0.016216339930046585
3202;1085;3566;-0.003442614198421407
3203;1085;3567;0.019658954128467996
3204;1086;3513;0.004498560907082248
3205;1086;3567;-0.028967139017389138
3206;1086;3568;0.024468578110306945
3207;1087;3514;0.008221008512121819
3208;1087;3568;-0.006966885516612171
3209;1087;3569;-0.0012541229955096468
3210;1088;3515;-0.018336100500724508
3211;1088;3569;-0.0032406666928282537
3212;1088;3570;0.021576767193552743
3213;1089;3516;0.0038782297875252147
3214;1089;3570;-0.029485214383171268
3215;1089;3571;0.02560698459564606
3216;1090;3517;0.0068865263140781025
3217;1090;3571;-0.006005122116018058
3218;1090;3572;-0.0008814041980600446
3219;1091;3518;-0.0203881931583735
3220;1091;3572;-0.002946210763596374
3221;1091;3573;0.023334403921969865
3222;1092;3519;0.0032584169917017113
3223;1092;3573;-0.02990231670271678
3224;1092;3574;0.02664389971101508
3225;1093;3520;0.005632646175404927
3226;1093;3574;-0.005041162289799857
3227;1093;3575;-0.0005914838856050703
3228;1094;3521;-0.02233822913870774
3229;1094;3575;-0.0025863762051672556
3230;1094;3576;0.024924605343874997
3231;1095;3522;0.002662049912711895
3232;1095;3576;-0.03025498832887806
3233;1095;3577;0.02759293841616616
3234;1096;3523;0.00449140271139079
3235;1096;3577;-0.004114280991001994
3236;1097;3524;0.008881438719113595
3237;1097;3578;-0.010159615155010595
3238;1097;3579;0.0012781764358969995
3239;1098;3525;0.010197224655467614
3240;1098;3579;-0.0012590858705357373
3241;1098;3580;-0.008938138784931878
3242;1099;3526;-7.59420273511601e-05
3243;1099;3580;-0.0002611839512717723
3244;1099;3581;0.00033712597862293233
3245;1100;3527;0.008185633782747332
3246;1100;3581;-0.011845972743878231
3247;1100;3582;0.003660338961130904
3248;1101;3528;0.011696687993454857
3249;1101;3582;-0.003495577798890192
3250;1101;3583;-0.008201110194564667
3251;1102;3529;-0.0002879825086000058
3252;1102;3583;-0.0005018615649657164
3253;1102;3584;0.0007898440735657224
3254;1103;3530;0.007885831134769076
3255;1103;3584;-0.013635786710188273
3256;1103;3585;0.0057499555754191925
3257;1104;3531;0.013024950713638432
3258;1104;3585;-0.00530945606415986
3259;1104;3586;-0.00771549464947857
3260;1105;3532;-0.0006242599117969417
3261;1105;3586;-0.0007554239387249989
3262;1105;3587;0.001379683850521941
3263;1106;3533;0.007772356208752589
3264;1106;3587;-0.015375256023592982
3265;1106;3588;0.007602899814840393
3266;1107;3534;0.014095311119321427
3267;1107;3588;-0.006760139923497319
3268;1107;3589;-0.007335171195824108
3269;1108;3535;-0.0010882701349606326
3270;1108;3589;-0.0010365154182775415
3271;1108;3590;0.0021247855532381746
3272;1109;3536;0.007740130367470134
3273;1109;3590;-0.01703189998602301
3274;1109;3591;0.009291769618552874
3275;1110;3537;0.014893711849748201
3276;1110;3591;-0.007912437605765828
3277;1110;3592;-0.006981274243982375
3278;1111;3538;-0.0016920422441855914
3279;1111;3592;-0.0013502145096444733
3280;1111;3593;0.003042256753830065
3281;1112;3539;0.007733244001242635
3282;1112;3593;-0.018610908241158446
3283;1112;3594;0.010877664239915812
3284;1113;3540;0.015423000267117393
3285;1113;3594;-0.0088129846634636
3286;1113;3595;-0.006610015603653793
3287;1114;3541;-0.0024521054380225215
3288;1114;3595;-0.00169550227099416
3289;1114;3596;0.004147607709016682
3290;1115;3542;0.007717388018951879
3291;1115;3596;-0.020126079875333085
3292;1115;3597;0.012408691856381205
3293;1116;3543;0.0156881922698212
3294;1116;3597;-0.009491615996208017
3295;1116;3598;-0.006196576273613174
3296;1117;3544;-0.003387148914249664
3297;1117;3598;-0.0020659531581291727
3298;1117;3599;0.005453102072378837
3299;1118;3545;0.007667838478246902
3300;1118;3599;-0.02158918230749636
3301;1118;3600;0.013921343829249457
3302;1119;3546;0.01569310737693494
3303;1119;3600;-0.009965005639385342
3304;1119;3601;-0.005728101737549598
3305;1120;3547;-0.00451563381099502
3306;1120;3601;-0.002449371932977775
3307;1120;3602;0.006965005743972795
3308;1121;3548;0.007564270997612111
3309;1121;3602;-0.02300487252217609
3310;1121;3603;0.01544060152456398
3311;1122;3549;0.015440601524564147
3312;1122;3603;-0.010239603205582754
3313;1122;3604;-0.005200998318981375
3314;1123;3550;-0.005852522010180116
3315;1123;3604;-0.0028273829059207467
3316;1123;3605;0.008679904916100862
3317;1124;3551;0.007388978546485353
3318;1124;3605;-0.02436749370747058
3319;1124;3606;0.016978515160985228
3320;1125;3552;0.014934445095009696
3321;1125;3606;-0.010314284283347568
3322;1125;3607;-0.004620160811662128
3323;1126;3553;-0.007404789315045027
3324;1126;3607;-0.0031757269301341587
3325;1126;3608;0.010580516245179184
3326;1127;3554;0.0071272349090726545
3327;1127;3608;-0.025659329303790904
3328;1127;3609;0.018532094394718243
3329;1128;3555;0.01418263202796137
3330;1128;3609;-0.010183806879142627
3331;1128;3610;-0.003998825148818743
3332;1129;3556;-0.00916591031517183
3333;1129;3610;-0.003465916359453612
3334;1129;3611;0.012631826674625445
3335;1130;3557;0.006769235250764061
3336;1130;3611;-0.02685136745760996
3337;1130;3612;0.020082132206845904
3338;1131;3558;0.013202301830310317
3339;1131;3612;-0.009844196924821202
3340;1131;3613;-0.003358104905489112
3341;1132;3559;-0.011110461215118834
3342;1132;3613;-0.0036687048483736526
3343;1132;3614;0.014779166063492478
3344;1133;3560;0.006313002721311967
3345;1133;3614;-0.02790833904496532
3346;1133;3615;0.021595336323653305
3347;1134;3561;0.012025768717863247
3348;1134;3615;-0.009300413813477819
3349;1134;3616;-0.0027253549043854282
3350;1135;3562;-0.013191548920177942
3351;1135;3616;-0.003759368563625685
3352;1135;3617;0.016950917483803625
3353;1136;3563;0.005767139514055121
3354;1136;3617;-0.02879915628010305
3355;1136;3618;0.02303201676604795
3356;1137;3564;0.010704876583143414
3357;1137;3618;-0.00857428386453736
3358;1137;3619;-0.0021305927186060537
3359;1138;3565;-0.015344995312534998
3360;1138;3619;-0.0037238613633520817
3361;1138;3620;0.019068856675887078
3362;1139;3566;0.005151603088415261
3363;1139;3620;-0.029510221594746568
3364;1139;3621;0.024358618506331316
3365;1140;3567;0.009308184888921146
3366;1140;3621;-0.0077073167243862
3367;1140;3622;-0.0016008681645349456
3368;1141;3568;-0.01750169259369477
3369;1141;3622;-0.0035634239059792825
3370;1141;3623;0.021065116499674054
3371;1142;3569;0.0044947896883379005
3372;1142;3623;-0.030053269968817485
3373;1142;3624;0.02555848028047959
3374;1143;3570;0.00790844718961853
3375;1143;3624;-0.006754059150003007
3376;1143;3625;-0.0011543880396155223
3377;1144;3571;-0.01960186247962799
3378;1144;3625;-0.0032946082924400024
3379;1144;3626;0.022896470772067995
3380;1145;3572;0.00382761496165642
3381;1145;3626;-0.03046114192896701
3382;1145;3627;0.026633526967310604
3383;1146;3573;0.006567912780746917
3384;1146;3627;-0.005770253803831506
3385;1146;3628;-0.0007976589769154102
3386;1147;3574;-0.02160273742121524
3387;1147;3628;-0.0029444603719246537
3388;1147;3629;0.024547197793139915
3389;1148;3575;0.0031778600907723257
3390;1148;3629;-0.030776247775762034
3391;1148;3630;0.0275983876849897
3392;1149;3576;0.005330382985003063
3393;1149;3630;-0.004803643375644135
3394;1149;3631;-0.0005267396093589273
3395;1150;3577;-0.023478657425164196
3396;1150;3631;-0.002543957552506718
3397;1151;3578;0.010159615155010595
3398;1151;3632;-0.010159615155010595
3399;1152;3579;-1.9090565361262063e-05
3400;1152;3632;-0.00015174180317749798
3401;1152;3633;0.00017083236853876002
3402;1153;3580;0.009199322736203653
3403;1153;3633;-0.01159619431250608
3404;1153;3634;0.0023968715763024234
3405;1154;3581;0.0115088467652553
3406;1154;3634;-0.002323137874461408
3407;1154;3635;-0.00918570889079389
3408;1155;3582;-0.0001647611622407113
3409;1155;3635;-0.00042558385240336176
3410;1155;3636;0.000590345014644073
3411;1156;3583;0.008702971759530375
3412;1156;3636;-0.013291223240714651
3413;1156;3637;0.0045882514811842745
3414;1157;3584;0.01284594263662255
3415;1157;3637;-0.004303166895540281
3416;1157;3638;-0.008542775741082271
3417;1158;3585;-0.0004404995112593322
3418;1158;3638;-0.0006946949924410952
3419;1158;3639;0.0011351945037004272
3420;1159;3586;0.008470918588203577
3421;1159;3639;-0.015022479278382028
3422;1159;3640;0.006551560690178449
3423;1160;3587;0.013995572173071041
3424;1160;3640;-0.005926742803877576
3425;1160;3641;-0.008068829369193464
3426;1161;3588;-0.0008427598913430751
3427;1161;3641;-0.0009825775121085345
3428;1161;3642;0.0018253374034516096
3429;1162;3589;0.008371686614101655
3430;1162;3642;-0.0167108171864079
3431;1162;3643;0.008339130572306253
3432;1163;3590;0.014907114432784833
3433;1163;3643;-0.007243726735273811
3434;1163;3644;-0.007663387697511022
3435;1164;3591;-0.0013793320127870432
3436;1164;3644;-0.0012997525940586798
3437;1164;3645;0.002679084606845723
3438;1165;3592;0.00833148875362685
3439;1165;3645;-0.01834069654720662
3440;1165;3646;0.010009207793579769
3441;1166;3593;0.015568651487328385
3442;1166;3646;-0.008301087593633572
3443;1166;3647;-0.007267563893694812
3444;1167;3594;-0.0020646795764522126
3445;1167;3647;-0.0016490067832569076
3446;1167;3648;0.00371368635970912
3447;1168;3595;0.008305517874647953
3448;1168;3648;-0.019917728473193612
3449;1168;3649;0.011612210598545655
3450;1169;3596;0.015978472166316402
3451;1169;3649;-0.009132383477272943
3452;1169;3650;-0.00684608868904346
3453;1170;3597;-0.0029170758601731886
3454;1170;3650;-0.0020271607365320533
3455;1170;3651;0.004944236596705242
3456;1171;3598;0.008262529431742353
3457;1171;3651;-0.02145126464523541
3458;1171;3652;0.01318873521349308
3459;1172;3599;0.01613608023511752
3460;1172;3652;-0.009758094458954905
3461;1172;3653;-0.006377985776162609
3462;1173;3600;-0.003956338189864116
3463;1173;3653;-0.002425123967621395
3464;1173;3654;0.00638146215748551
3465;1174;3601;0.008177473670527373
3466;1174;3654;-0.02294630544522653
3467;1174;3655;0.014768831774699159
3468;1175;3602;0.016039866778203307
3469;1175;3655;-0.010187344768023061
3470;1175;3656;-0.0058525220101802505
3471;1176;3603;-0.005200998318981228
3472;1176;3656;-0.0028273829059207375
3473;1176;3657;0.008028381224901964
3474;1177;3604;0.008028381224902122
3475;1177;3657;-0.024398643089719847
3476;1177;3658;0.016370261864817697
3477;1178;3605;0.015687588791369722
3478;1178;3658;-0.010419658782354074
3479;1178;3659;-0.005267930009015617
3480;1179;3606;-0.0066642308776376615
3481;1179;3659;-0.0032117740849027902
3482;1179;3660;0.00987600496254045
3483;1180;3607;0.0077958877417962785
3484;1180;3660;-0.02579163339145483
3485;1180;3661;0.017995745649658532
3486;1181;3608;0.015078813058611727
3487;1181;3661;-0.01044738790327478
3488;1181;3662;-0.004631425155336936
3489;1182;3609;-0.008348287515575616
3490;1182;3662;-0.0035503051927605264
3491;1182;3663;0.011898592708336143
3492;1183;3610;0.007464741508272356
3493;1183;3663;-0.02709509728184381
3494;1183;3664;0.019630355773571466
3495;1184;3611;0.01421954078298452
3496;1184;3664;-0.010260083340130887
3497;1184;3665;-0.003959457442853633
3498;1185;3612;-0.0102379352820247
3499;1185;3665;-0.0038117031774211755
3500;1185;3666;0.014049638459445877
3501;1186;3613;0.007026809753862765
3502;1186;3666;-0.0282681246629514
3503;1186;3667;0.021241314909088635
3504;1187;3614;0.01312917298147284
3505;1187;3667;-0.009851977629668779
3506;1187;3668;-0.0032771953518040626
3507;1188;3615;-0.012294922510175488
3508;1188;3668;-0.003966110172196248
3509;1188;3669;0.016261032682371734
3510;1189;3616;0.006484723468011114
3511;1189;3669;-0.029267996520614833
3512;1189;3670;0.02278327305260371
3513;1190;3617;0.011848238796299424
3514;1190;3670;-0.009232092527988501
3515;1190;3671;-0.002616146268310922
3516;1191;3618;-0.014457732901510579
3517;1191;3671;-0.0039916845835173565
3518;1191;3672;0.018449417485027937
3519;1192;3619;0.005854454081958137
3520;1192;3672;-0.03006535140771395
3521;1192;3673;0.0242108973257558
3522;1193;3620;0.01044136491885949
3523;1193;3673;-0.00843238847125241
3524;1193;3674;-0.0020089764476070794
3525;1194;3621;-0.016651301781945096
3526;1194;3674;-0.003881374781200604
3527;1194;3675;0.020532676563145703
3528;1195;3622;0.005164292070514234
3529;1195;3675;-0.0306588463147663
3530;1195;3676;0.025494554244252066
3531;1196;3623;0.008988153469143433
3532;1196;3676;-0.007506037503165969
3533;1196;3677;-0.0014821159659774642
3534;1197;3624;-0.018804421130476583
3535;1197;3677;-0.00364609836566121
3536;1197;3678;0.022450519496137848
3537;1198;3625;0.004448996332055523
3538;1198;3678;-0.03107717368866499
3539;1198;3679;0.026628177356609467
3540;1199;3626;0.007564671156899018
3541;1199;3679;-0.006514854007975425
3542;1199;3680;-0.0010498171489235941
3543;1200;3627;-0.02086327316347914
3544;1200;3680;-0.0033114907905610075
3545;1200;3681;0.024174763954040144
3546;1201;3628;0.003742119348840063
3547;1201;3681;-0.03136715220261342
3548;1201;3682;0.02762503285377331
3549;1202;3629;0.00622904998262212
3550;1202;3682;-0.005515828774741327
3551;1202;3683;-0.0007132212078807927
3552;1203;3630;-0.022794744309345576
3553;1203;3683;-0.0029105101397320036
3554;1203;3684;0.025705254449077567
3555;1204;3631;0.003070697161865643
3556;1204;3684;-0.03157904194685651
3557;1205;3632;0.010311356958188092
3558;1205;3685;-0.011473503464744982
3559;1205;3686;0.0011621465065568889
3560;1206;3633;0.01142536194396732
3561;1206;3686;-0.0011438000331232114
3562;1206;3687;-0.010281561910844107
3563;1207;3634;-7.37337018410155e-05
3564;1207;3687;-0.0003210154132965861
3565;1207;3688;0.0003947491151376016
3566;1208;3635;0.009611292743197254
3567;1208;3688;-0.01301365351058303
3568;1208;3689;0.0034023607673857813
3569;1209;3636;0.012700878226070578
3570;1209;3689;-0.003241242688668002
3571;1209;3690;-0.009459635537402575
3572;1210;3637;-0.0002850845856439855
3573;1210;3690;-0.000615080738287345
3574;1210;3691;0.0009001653239313308
3575;1211;3638;0.009237470733523361
3576;1211;3691;-0.014692334358047041
3577;1211;3692;0.005454863624523679
3578;1212;3639;0.0138872847746816
3579;1212;3692;-0.005018478314857556
3580;1212;3693;-0.008868806459824045
3581;1213;3640;-0.0006248178863008701
3582;1213;3693;-0.0009149516292064732
3583;1213;3694;0.0015397695155073426
3584;1214;3641;0.009051406881301998
3585;1214;3694;-0.016384149464826782
3586;1214;3695;0.0073327425835247794
3587;1215;3642;0.014885479782956288
3588;1215;3695;-0.006491377351628651
3589;1215;3696;-0.008394102431327637
3590;1216;3643;-0.0010954038370324423
3591;1216;3696;-0.0012378345468551945
3592;1216;3697;0.002333238383887636
3593;1217;3644;0.0089631402915697
3594;1217;3697;-0.01804622257997955
3595;1217;3698;0.009083082288409853
3596;1218;3645;0.015661611940360896
3597;1218;3698;-0.007699876816978384
3598;1218;3699;-0.007961735123382514
3599;1219;3646;-0.0017081201999461964
3600;1219;3699;-0.0015911305514326585
3601;1219;3700;0.003299250751378854
3602;1220;3647;0.008916570676951719
3603;1220;3700;-0.019671654583819073
3604;1220;3701;0.01075508390686735
3605;1221;3648;0.01620404211348449
3606;1221;3701;-0.00867873703412352
3607;1221;3702;-0.0075253050793609635
3608;1222;3649;-0.0024798271212727136
3609;1222;3702;-0.001975363648272012
3610;1222;3703;0.004455190769544725
3611;1223;3650;0.00887324942557551
3612;1223;3703;-0.02126518708671124
3613;1223;3704;0.012391937661135732
3614;1224;3651;0.0165070280485302
3615;1224;3704;-0.009451796457306403
3616;1224;3705;-0.007055231591223804
3617;1225;3652;-0.003430640754538175
3618;1225;3705;-0.002384884655058889
3619;1225;3706;0.005815525409597063
3620;1226;3653;0.008803109743784003
3621;1226;3706;-0.02283133479480133
3622;1226;3707;0.014028225051017338
3623;1227;3654;0.016564843287741
3624;1227;3707;-0.010031541767118722
3625;1227;3708;-0.006533301520622264
3626;1228;3655;-0.004581487006676099
3627;1228;3708;-0.0028074915398091154
3628;1228;3709;0.007388978546485215
3629;1229;3656;0.008679904916100992
3630;1229;3709;-0.024367493707470524
3631;1229;3710;0.015687588791369535
3632;1230;3657;0.016370261864817867
3633;1230;3710;-0.010419658782354072
3634;1230;3711;-0.00595060308246379
3635;1231;3658;-0.005950603082463623
3636;1231;3711;-0.003223861580208538
3637;1231;3712;0.00917446466267216
3638;1232;3659;0.008479704093918407
3639;1232;3712;-0.02585913228066668
3640;1232;3713;0.01737942818674828
3641;1233;3660;0.015915628428914363
3642;1233;3713;-0.01060821388128698
3643;1233;3714;-0.005307414547627386
3644;1234;3661;-0.007548357746383754
3645;1234;3714;-0.0036076192426302807
3646;1234;3715;0.011155976989014032
3647;1235;3662;0.008181730348097462
3648;1235;3715;-0.02727679669501157
3649;1235;3716;0.01909506634691411
3650;1236;3663;0.015196504573507675
3651;1236;3716;-0.010582537197422255
3652;1236;3717;-0.004613967376085418
3653;1237;3664;-0.009370272433440574
3654;1237;3717;-0.003926861428716057
3655;1237;3718;0.013297133862156627
3656;1238;3665;0.007771160620274813
3657;1238;3718;-0.028576360590145553
3658;1238;3719;0.020805199969870743
3659;1239;3666;0.014218486203505524
3660;1239;3719;-0.01032745462314745
3661;1239;3720;-0.003891031580358073
3662;1240;3667;-0.011389337279419855
3663;1240;3720;-0.004147872986600281
3664;1240;3721;0.015537210266020132
3665;1241;3668;0.007243305524000309
3666;1241;3721;-0.02970519994742496
3667;1241;3722;0.022461894423424646
3668;1242;3669;0.013006963838243102
3669;1242;3722;-0.009837894514724463
3670;1242;3723;-0.003169069323518638
3671;1243;3670;-0.013551180524615205
3672;1243;3723;-0.004241405714237173
3673;1243;3724;0.01779258623885238
3674;1244;3671;0.00660783085182828
3675;1244;3724;-0.030616743289467598
3676;1244;3725;0.024008912437639314
3677;1245;3672;0.011615933922686013
3678;1245;3725;-0.009131481877085384
3679;1245;3726;-0.002484452045600629
3680;1246;3673;-0.0157785088545034
3681;1246;3726;-0.004190808748563684
3682;1246;3727;0.019969317603067086
3683;1247;3674;0.005890351228807688
3684;1247;3727;-0.0312906236085624
3685;1247;3728;0.025400272379754722
3686;1248;3675;0.010126169751620596
3687;1248;3728;-0.008254340868022274
3688;1248;3729;-0.0018718288835983224
3689;1249;3676;-0.0179885167410861
3690;1249;3729;-0.003998753940688945
3691;1249;3730;0.021987270681775042
3692;1250;3677;0.005128214331638673
3693;1250;3730;-0.031744660050067666
3694;1250;3731;0.026616445718428996
3695;1251;3678;0.008626654192527141
3696;1251;3731;-0.007271571319028782
3697;1251;3732;-0.0013550828734983588
3698;1252;3679;-0.02011332334863404
3699;1252;3732;-0.0036872906893659764
3700;1252;3733;0.02380061403800004
3701;1253;3680;0.004361307939484602
3702;1253;3733;-0.03202669349268448
3703;1253;3734;0.027665385553199865
3704;1254;3681;0.007192388248573275
3705;1254;3734;-0.0062496314500309295
3706;1254;3735;-0.0009427567985423454
3707;1255;3682;-0.022109204079031983
3708;1255;3735;-0.0032905761579934715
3709;1255;3736;0.025399780237025448
3710;1256;3683;0.003623731347612796
3711;1256;3736;-0.032195811130849315
3712;1256;3737;0.02857207978323652
3713;1257;3684;0.005873787497778955
3714;1257;3737;-0.005243862569318789
3715;1258;3685;0.011473503464744983
3716;1258;3738;-0.011473503464744982
3717;1259;3686;-1.834647343367761e-05
3718;1259;3738;-0.0001811289070005457
3719;1259;3739;0.0001994753804342233
3720;1260;3687;0.010602577324140692
3721;1260;3739;-0.012824462261625653
3722;1260;3740;0.0022218849374849607
3723;1261;3688;0.01261890439544543
3724;1261;3740;-0.002150485340734772
3725;1261;3741;-0.010468419054710658
3726;1262;3689;-0.00016111807871777917
3727;1262;3741;-0.0005112373808546409
3728;1262;3742;0.0006723554595724201
3729;1263;3690;0.010074716275689921
3730;1263;3742;-0.014405377102291828
3731;1263;3743;0.0043306608266019024
3732;1264;3691;0.01379216903411571
3733;1264;3743;-0.0040510142061706165
3734;1264;3744;-0.009741154827945093
3735;1265;3692;-0.0004363853096661243
3736;1265;3744;-0.0008301468092935371
3737;1265;3745;0.00126653211895966
3738;1266;3693;0.009783758089030523
3739;1266;3745;-0.01606788319032947
3740;1266;3746;0.0062841251012989464
3741;1267;3694;0.014844379949319437
3742;1267;3746;-0.005665569816632332
3743;1267;3747;-0.009178810132687105
3744;1268;3695;-0.000841365231896128
3745;1268;3747;-0.001162428764081147
3746;1268;3748;0.0020037939959772744
3747;1269;3696;0.009631936978182832
3748;1269;3748;-0.01773963718211148
3749;1269;3749;0.008107700203928654
3750;1270;3697;0.015712984196091913
3751;1270;3749;-0.007016914905444422
3752;1270;3750;-0.008696069290647493
3753;1271;3698;-0.0013832054714314691
3754;1271;3750;-0.001520911966535705
3755;1271;3751;0.0029041174379671746
3756;1272;3699;0.009552865674815173
3757;1272;3751;-0.0193971176416083
3758;1272;3752;0.00984425196679314
3759;1273;3700;0.016372403832440218
3760;1273;3752;-0.008136769036431039
3761;1273;3753;-0.00823563479600918
3762;1274;3701;-0.002076346872743833
3763;1274;3753;-0.0019103442118734344
3764;1274;3754;0.003986691084617267
3765;1275;3702;0.009500668727632982
3766;1275;3754;-0.02103774905408907
3767;1275;3755;0.011537080326456093
3768;1276;3703;0.016809996317166516
3769;1276;3755;-0.009050865512786844
3770;1276;3756;-0.007759130804379674
3771;1277;3704;-0.002940141203829328
3772;1277;3756;-0.002328861339331724
3773;1277;3757;0.005269002543161052
3774;1278;3705;0.009440116246282692
3775;1278;3757;-0.022664213278233945
3776;1278;3758;0.013224097031951253
3777;1279;3706;0.017015809385204264
3778;1279;3758;-0.009775066451240471
3779;1279;3759;-0.0072407429339637775
3780;1280;3707;-0.0039966832838986156
3781;1280;3759;-0.00276795375086141
3782;1280;3760;0.006764637034760025
3783;1281;3708;0.009340793060431379
3784;1281;3760;-0.024275238155440908
3785;1281;3761;0.014934445095009526
3786;1282;3709;0.01697851516098535
3787;1282;3761;-0.010314284283347543
3788;1282;3762;-0.006664230877637826
3789;1283;3710;-0.005267930009015461
3790;1283;3762;-0.0032117740849027824
3791;1283;3763;0.008479704093918244
3792;1284;3711;0.009174464662672323
3793;1284;3763;-0.025859132280666684
3794;1284;3764;0.016684667617994357
3795;1285;3712;0.01668466761799452
3796;1285;3764;-0.010662278958327743
3797;1285;3765;-0.00602238865966678
3798;1286;3713;-0.0067712143054613
3799;1286;3765;-0.0036366059417216184
3800;1286;3766;0.010407820247182918
3801;1287;3714;0.008915033790257668
3802;1287;3766;-0.027388955737158792
3803;1287;3767;0.01847392194690111
3804;1288;3715;0.016120819705997536
3805;1288;3767;-0.010802799523678193
3806;1288;3768;-0.005318020182319348
3807;1289;3716;-0.008512529149491854
3808;1289;3768;-0.00401137873052143
3809;1289;3769;0.012523907880013285
3810;1290;3717;0.008540828804801474
3811;1290;3769;-0.028820171011107048
3812;1290;3770;0.020279342206305576
3813;1291;3718;0.015279226727988924
3814;1291;3770;-0.010713780828280103
3815;1291;3771;-0.004565445899708821
3816;1292;3719;-0.010477745346723293
3817;1292;3771;-0.004300160716188784
3818;1292;3772;0.014777906062912079
3819;1293;3720;0.008038904566958355
3820;1293;3772;-0.03009334578357177
3821;1293;3773;0.02205444121661341
3822;1294;3721;0.014167989681404827
3823;1294;3773;-0.010376713444221558
3824;1294;3774;-0.003791276237183271
3825;1295;3722;-0.012623999908700223
3826;1295;3774;-0.004467455940326497
3827;1295;3775;0.0170914558490267
3828;1296;3723;0.007410475037755811
3829;1296;3775;-0.031145732231336026
3830;1296;3776;0.02373525719358021
3831;1297;3724;0.01282415705061522
3832;1297;3776;-0.009791460110754054
3833;1297;3777;-0.0030326969398611673
3834;1298;3725;-0.014877430560553927
3835;1298;3777;-0.00448657179786623
3836;1298;3778;0.019364002358420156
3837;1299;3726;0.0066752607941643095
3838;1299;3778;-0.03193346725575003
3839;1299;3779;0.025258206461585726
3840;1300;3727;0.011321306005495312
3841;1300;3779;-0.008990118533502463
3842;1300;3780;-0.0023311874719928478
3843;1301;3728;-0.017145931511732448
3844;1301;3780;-0.004349282332490157
3845;1301;3781;0.021495213844222604
3846;1302;3729;0.005870582824287268
3847;1302;3781;-0.03245474191664892
3848;1302;3782;0.02658415909236165
3849;1303;3730;0.009757389368292624
3850;1303;3782;-0.008035792273473605
3851;1303;3783;-0.0017215970948190181
3852;1304;3731;-0.01934487439940019
3853;1304;3783;-0.004070843621692972
3854;1304;3784;0.023415718021093063
3855;1305;3732;0.005042373562864334
3856;1305;3784;-0.03275208813297836
3857;1305;3785;0.027709714570114008
3858;1306;3733;0.008226079454684444
3859;1306;3785;-0.007003403521842042
3860;1306;3786;-0.0012226759328424015
3861;1307;3734;-0.021415754103168927
3862;1307;3786;-0.0036849127703907675
3863;1307;3787;0.025100666873559697
3864;1308;3735;0.004233332956535817
3865;1308;3787;-0.032891906731312134
3866;1308;3788;0.028658573774776312
3867;1309;3736;0.006796030893823867
3868;1309;3788;-0.005960318641537668
3869;1309;3789;-0.0008357122522862031
3870;1310;3737;-0.0233282172139177
3871;1310;3789;-0.0032325145789111913
3872;1311;3738;0.011654632371745528
3873;1311;3790;-0.012733204543656299
3874;1311;3791;0.0010785721719107737
3875;1312;3739;0.01262498688119143
3876;1312;3791;-0.0010609136371971483
3877;1312;3792;-0.01156407324399428
3878;1313;3740;-7.139959675018983e-05
3879;1313;3792;-0.0003774794001824678
3880;1313;3793;0.0004488789969326576
3881;1314;3741;0.010979656435565303
3882;1314;3793;-0.014180046800215104
3883;1314;3794;0.0032003903646497956
3884;1315;3742;0.013733021642719409
3885;1315;3794;-0.003043714921491301
3886;1315;3795;-0.010689306721228106
3887;1316;3743;-0.0002796466204312862
3888;1316;3795;-0.0007240415173544358
3889;1316;3796;0.001003688137785722
3890;1317;3744;0.010571301637238632
3891;1317;3796;-0.015778692087186297
3892;1317;3797;0.005207390449947663
3893;1318;3745;0.01480135107136981
3894;1318;3797;-0.004778941696874292
3895;1318;3798;-0.010022409374495517
3896;1319;3746;-0.0006185552846666099
3897;1319;3798;-0.0010709350770894696
3898;1319;3799;0.0016894903617560796
3899;1320;3747;0.010341238896768253
3900;1320;3799;-0.017434398851116875
3901;1320;3800;0.007093159954348616
3902;1321;3748;0.015735843186134208
3903;1321;3800;-0.006261386008774853
3904;1321;3801;-0.009474457177359355
3905;1322;3749;-0.0010907852984842292
3906;1322;3801;-0.0014369797424683911
3907;1322;3802;0.002527765040952621
3908;1323;3750;0.010216981257183204
3909;1323;3802;-0.019104832846646973
3910;1323;3803;0.008887851589463766
3911;1324;3751;0.016493000203641126
3912;1324;3803;-0.007513871508552707
3913;1324;3804;-0.008979128695088417
3914;1325;3752;-0.0017074829303621022
3915;1325;3804;-0.0018316621929444074
3916;1325;3805;0.0035391451233065096
3917;1326;3753;0.010145979007882614
3918;1326;3805;-0.02077738411785054
3919;1326;3806;0.010631405109967927
3920;1327;3754;0.017051057969471803
3921;1327;3806;-0.008561445189417573
3922;1327;3807;-0.008489612780054232
3923;1328;3755;-0.0024862148136692557
3924;1328;3807;-0.0022572442477309836
3925;1328;3808;0.004743459061400238
3926;1329;3756;0.010087992143711397
3927;1329;3808;-0.022451133934762637
3928;1329;3809;0.012363141791051243
3929;1330;3757;0.017395210735072886
3930;1330;3809;-0.00942256262016012
3931;1330;3810;-0.007972648114912762
3932;1331;3758;-0.003449030580710782
3933;1331;3810;-0.002709221840853998
3934;1331;3811;0.00615825242156478
3935;1332;3759;0.010008696684825196
3936;1332;3811;-0.024125401997135816
3937;1332;3812;0.014116705312310622
3938;1333;3760;0.017510601120680883
3939;1333;3812;-0.010105811805635717
3940;1333;3813;-0.007404789315045164
3941;1334;3761;-0.0046201608116619814
3942;1334;3813;-0.003175726930134126
3943;1334;3814;0.007795887741796107
3944;1335;3762;0.00987600496254061
3945;1335;3814;-0.0257916333914548
3946;1335;3815;0.015915628428914193
3947;1336;3763;0.01737942818674844
3948;1336;3815;-0.010608213881286972
3949;1336;3816;-0.006771214305461464
3950;1337;3764;-0.0060223886596666165
3951;1337;3816;-0.0036366059417216098
3952;1337;3817;0.009658994601388228
3953;1338;3765;0.009658994601388401
3954;1338;3817;-0.027426875066292475
3955;1338;3818;0.017767880464904073
3956;1339;3766;0.016981135489975863
3957;1339;3818;-0.01091457648698184
3958;1339;3819;-0.006066559002994022
3959;1340;3767;-0.0076711224232229175
3960;1340;3819;-0.004063038917362285
3961;1340;3820;0.011734161340585204
3962;1341;3768;0.009329398912840781
3963;1341;3820;-0.028988993734021633
3964;1341;3821;0.01965959482118082
3965;1342;3769;0.016296263131093752
3966;1342;3821;-0.01099924133345248
3967;1342;3822;-0.00529702179764127
3968;1343;3770;-0.009565561378025472
3969;1343;3822;-0.004418724083875435
3970;1343;3823;0.01398428546190092
3971;1344;3771;0.008865606615897604
3972;1344;3823;-0.03041570111113212
3973;1344;3824;0.02155009449523452
3974;1345;3772;0.01531543972065969
3975;1345;3824;-0.010832831253835749
3976;1345;3825;-0.004482608466823941
3977;1346;3773;-0.011677727772391847
3978;1346;3825;-0.004663737524332546
3979;1346;3826;0.016341465296724374
3980;1347;3774;0.008258732177509767
3981;1347;3826;-0.03163154657779745
3982;1347;3827;0.023372814400287677
3983;1348;3775;0.014054276382309324
3984;1348;3827;-0.01039650431649962
3985;1348;3828;-0.0036577720658097033
3986;1349;3776;-0.013943797082826153
3987;1349;3828;-0.004762048416211985
3988;1349;3829;0.018705845499038136
3989;1350;3777;0.007519268737727396
3990;1350;3829;-0.032567943922486
3991;1350;3830;0.025048675184758604
3992;1351;3778;0.012569464897329876
3993;1351;3830;-0.009701646342194338
3994;1351;3831;-0.0028678185551355376
3995;1352;3779;-0.016268087928083267
3996;1352;3831;-0.00469261537078805
3997;1352;3832;0.02096070329887128
3998;1353;3780;0.006680469804483011
3999;1353;3832;-0.03319438006229892
4000;1353;3833;0.026513910257815868
4001;1354;3781;0.010959528072426315
4002;1354;3833;-0.008801049441404345
4003;1354;3834;-0.0021584786310219683
4004;1355;3782;-0.018548366818888048
4005;1355;3834;-0.00445981463929747
4006;1355;3835;0.023008181458185582
4007;1356;3783;0.005792440716511984
4008;1356;3835;-0.033537863743227994
4009;1356;3836;0.027745423026716006
4010;1357;3784;0.009336370111885295
4011;1357;3836;-0.007774719921412205
4012;1357;3837;-0.0015616501904730897
4013;1358;3785;-0.020706311048271968
4014;1358;3837;-0.004093693979228425
4015;1358;3838;0.024800005027500394
4016;1359;3786;0.004907588703233168
4017;1359;3838;-0.03366781870362014
4018;1359;3839;0.028760230000387
4019;1360;3787;0.00779123985775244
4020;1360;3839;-0.006703054076010064
4021;1360;3840;-0.0010881857817423772
4022;1361;3788;-0.022698255133238643
4023;1361;3840;-0.0036385087398631798
4024;1361;3841;0.026336763873101833
4025;1362;3789;0.004068226831197396
4026;1362;3841;-0.033665712099909886
4027;1363;3790;0.0127332045436563
4028;1363;3842;-0.012733204543656302
4029;1364;3791;-1.765853471362558e-05
4030;1364;3842;-0.00020846980879500262
4031;1364;3843;0.0002261283435086282
4032;1365;3792;0.011941552644176751
4033;1365;3843;-0.014029116887898048
4034;1365;3844;0.0020875642437212954
4035;1366;3793;0.013731167803282446
4036;1366;3844;-0.0020186010628031165
4037;1366;3845;-0.01171256674047933
4038;1367;3794;-0.00015667544315849533
4039;1367;3845;-0.0005921343369077312
4040;1367;3846;0.0007488097800662266
4041;1368;3795;0.011413348238582543
4042;1368;3846;-0.015532382576863884
4043;1368;3847;0.004119034338281341
4044;1369;3796;0.014775003949400574
4045;1369;3847;-0.003846578750161124
4046;1369;3848;-0.01092842519923945
4047;1370;3797;-0.0004284487530733709
4048;1370;3848;-0.0009602398396618099
4049;1370;3849;0.0013886885927351807
4050;1371;3798;0.011093344451584984
4051;1371;3849;-0.017144628429412303
4052;1371;3850;0.006051283977827302
4053;1372;3799;0.015744908489360797
4054;1372;3850;-0.005444181580769265
4055;1372;3851;-0.01030072690859153
4056;1373;3800;-0.000831773945573763
4057;1373;3851;-0.0013375199504688396
4058;1373;3852;0.0021692938960426026
4059;1374;3801;0.010911436919827745
4060;1374;3852;-0.018806638184780483
4061;1374;3853;0.007895201264952738
4062;1375;3802;0.016577067805694352
4063;1375;3853;-0.0068187209182498515
4064;1375;3854;-0.0097583468874445
4065;1376;3803;-0.0013739800809110592
4066;1376;3854;-0.0017385829778212552
4067;1376;3855;0.003112563058732315
4068;1377;3804;0.010810790888032825
4069;1377;3855;-0.0204939068038441
4070;1377;3856;0.009683115915811275
4071;1378;3805;0.017238238994544033
4072;1378;3856;-0.007990934510151319
4073;1378;3857;-0.009247304484392715
4074;1379;3806;-0.0020699599205503535
4075;1379;3857;-0.002170123242138447
4076;1379;3858;0.0042400831626888
4077;1380;3807;0.010746857027785214
4078;1380;3858;-0.022200006824284205
4079;1380;3859;0.011453149796498998
4080;1381;3808;0.017707674873362396
4081;1381;3859;-0.008980249590873467
4082;1381;3860;-0.008727425282488929
4083;1382;3809;-0.002940579170891123
4084;1382;3860;-0.0026318849900075153
4085;1382;3861;0.005572464160898637
4086;1383;3810;0.010681869955766761
4087;1383;3861;-0.023923687996970575
4088;1383;3862;0.013241818041203814
4089;1384;3811;0.017967149575571037
4090;1384;3862;-0.00979865787896423
4091;1384;3863;-0.00816849169660681
4092;1385;3812;-0.004010893506674905
4093;1385;3863;-0.0031163414023975653
4094;1385;3864;0.00712723490907247
4095;1386;3813;0.010580516245179292
4096;1386;3864;-0.02565932930379082
4097;1386;3865;0.015078813058611553
4098;1387;3814;0.017995745649658695
4099;1387;3865;-0.010447387903274772
4100;1387;3866;-0.007548357746383923
4101;1388;3815;-0.00530741454762722
4102;1388;3866;-0.0036076192426302512
4103;1388;3867;0.008915033790257472
4104;1389;3816;0.010407820247183074
4105;1389;3867;-0.027388955737158764
4106;1389;3868;0.0169811354899757
4107;1390;3817;0.017767880464904247
4108;1390;3868;-0.010914576486981853
4109;1390;3869;-0.006853303977922424
4110;1391;3818;-0.006853303977922232
4111;1391;3869;-0.004080421914732562
4112;1391;3870;0.010933725892654794
4113;1392;3819;0.010129597920356302
4114;1392;3870;-0.029075343645326625
4115;1392;3871;0.01894574572497032
4116;1393;3820;0.017254832393436455
4117;1393;3871;-0.011174527514319289
4118;1393;3872;-0.0060803048791171705
4119;1394;3821;-0.008660353487728341
4120;1394;3872;-0.004499961597405018
4121;1394;3873;0.01316031508513336
4122;1395;3822;0.009715745881516713
4123;1395;3873;-0.030657574088718244
4124;1395;3874;0.020941828207201522
4125;1396;3823;0.0164314156492312
4126;1396;3874;-0.011191029239995862
4127;1396;3875;-0.0052403864092353414
4128;1397;3824;-0.010717263241398765
4129;1397;3875;-0.004824150865938023
4130;1397;3876;0.015541414107336785
4131;1398;3825;0.009146345991156463
4132;1398;3876;-0.03205275997555433
4133;1398;3877;0.022906413984397894
4134;1399;3826;0.01529008128107308
4135;1399;3877;-0.010928545828190544
4136;1399;3878;-0.004361535452882537
4137;1400;3827;-0.012976310083788058
4138;1400;3878;-0.005009452282132197
4139;1400;3879;0.01798576236592025
4140;1401;3828;0.008419820482021684
4141;1401;3879;-0.0331704350416791
4142;1401;3880;0.024750614559657422
4143;1402;3829;0.013862098423447863
4144;1402;3880;-0.010373578473965927
4145;1402;3881;-0.0034885199494819373
4146;1403;3830;-0.015347028842564251
4147;1403;3881;-0.00502160007980828
4148;1403;3882;0.020368628922372536
4149;1404;3831;0.007560433925923584
4150;1404;3882;-0.03394516920994774
4151;1404;3883;0.026384735284024234
4152;1405;3832;0.01223367676342764
4153;1405;3883;-0.009558112298948124
4154;1405;3884;-0.002675564464479515
4155;1406;3833;-0.01771286081641154
4156;1406;3884;-0.0048499572223407545
4157;1406;3885;0.022562818038752333
4158;1407;3834;0.00661829327031944
4159;1407;3885;-0.03437457567655475
4160;1407;3886;0.02775628240623533
4161;1408;3835;0.010529682285042408
4162;1408;3886;-0.008559828668412508
4163;1408;3887;-0.0019698536166299014
4164;1409;3836;-0.019970703105303796
4165;1409;3887;-0.004516022399061568
4166;1409;3888;0.024486725504365363
4167;1410;3837;0.005655344169701521
4168;1410;3888;-0.034522114766384865
4169;1410;3889;0.028866770596683328
4170;1411;3838;0.008867813676119751
4171;1411;3889;-0.007471698272829213
4172;1411;3890;-0.0013961154032905386
4173;1412;3839;-0.022057175924376934
4174;1412;3890;-0.004065156702537295
4175;1412;3891;0.026122332626914227
4176;1413;3840;0.004726694521605557
4177;1413;3891;-0.03448174688321135
4178;1413;3892;0.029755052361605798
4179;1414;3841;0.007328948226808104
4180;1414;3892;-0.006373908864780864
4181;1415;3842;0.012941674352451304
4182;1415;3893;-0.013956505423880243
4183;1415;3894;0.0010148310714289375
4184;1416;3843;0.013802988544389418
4185;1416;3894;-0.0009978484392418577
4186;1416;3895;-0.012805140105147564
4187;1417;3844;-6.896318091817838e-05
4188;1417;3895;-0.00042995101272256874
4189;1417;3896;0.0004989141936407469
4190;1418;3845;0.012304701077387062
4191;1418;3896;-0.015341861613103198
4192;1418;3897;0.0030371605357161374
4193;1419;3846;0.014783572796797656
4194;1419;3897;-0.0028855248742221938
4195;1419;3898;-0.011898047922575462
4196;1420;3847;-0.0002724555881202176
4197;1420;3898;-0.0008268651652666224
4198;1420;3899;0.0010993207533868416
4199;1421;3848;0.011888665038901253
4200;1421;3899;-0.016884136016287726
4201;1421;3900;0.004995470977386478
4202;1422;3849;0.015755939836677123
4203;1422;3900;-0.004577860089421017
4204;1422;3901;-0.011178079747256106
4205;1423;3850;-0.0006071023970580362
4206;1423;3901;-0.0012202965416766944
4207;1423;3902;0.0018273989387347306
4208;1424;3851;0.01163824685906037
4209;1424;3902;-0.01851499989913295
4210;1424;3903;0.006876753040072583
4211;1425;3852;0.01663734428873788
4212;1425;3903;-0.006061243643255415
4213;1425;3904;-0.010576100645482464
4214;1426;3853;-0.001076480346702886
4215;1426;3904;-0.0016300301607765535
4216;1426;3905;0.0027065105074794422
4217;1427;3854;0.011496929865265754
4218;1427;3905;-0.020198176254193553
4219;1427;3906;0.0087012463889278
4220;1428;3855;0.017381343745111785
4221;1428;3906;-0.007347848570720005
4222;1428;3907;-0.010033495174391782
4223;1429;3856;-0.001692181405659958
4224;1429;3907;-0.0020674044286640696
4225;1429;3908;0.0037595858343240267
4226;1430;3857;0.011417427726531159
4227;1430;3908;-0.021920162571703428
4228;1430;3909;0.010502734845172262
4229;1431;3858;0.017959923661595403
4230;1431;3909;-0.008455681968935994
4231;1431;3910;-0.009504241692659409
4232;1432;3859;-0.002472900205625535
4233;1432;3910;-0.002536575206738039
4234;1432;3911;0.005009475412363577
4235;1433;3860;0.011359310272496445
4236;1433;3911;-0.023677720448944846
4237;1433;3912;0.0123184101764484
4238;1434;3861;0.018351223836071934
4239;1434;3912;-0.00939912346822488
4240;1434;3913;-0.008952100367847058
4241;1435;3862;-0.0034431601622395723
4242;1435;3913;-0.0030345734172450077
4243;1435;3914;0.006477733579484583
4244;1436;3863;0.011284833099004372
4245;1436;3914;-0.025467465126965544
4246;1436;3915;0.014182632027961162
4247;1437;3864;0.018532094394718368
4248;1437;3915;-0.010183806879142589
4249;1437;3916;-0.00834828751557578
4250;1438;3865;-0.0046314251553367805
4251;1438;3916;-0.003550305192760482
4252;1438;3917;0.008181730348097263
4253;1439;3866;0.011155976989014174
4254;1439;3917;-0.027276796695011533
4255;1439;3918;0.01612081970599736
4256;1440;3867;0.018473921946901287
4257;1440;3918;-0.01080279952367819
4258;1440;3919;-0.007671122423223101
4259;1441;3868;-0.006066559002993845
4260;1441;3919;-0.0040630389173622605
4261;1441;3920;0.010129597920356104
4262;1442;3869;0.010933725892654986
4263;1442;3920;-0.029075343645326636
4264;1442;3921;0.018141617752671632
4265;1443;3870;0.01814161775267183
4266;1443;3921;-0.011233645933447632
4267;1443;3922;-0.006907971819224203
4268;1444;3871;-0.007771218210651031
4269;1444;3922;-0.004541264537921109
4270;1444;3923;0.012312482748572141
4271;1445;3872;0.010580266476522188
4272;1445;3923;-0.030807534972796063
4273;1445;3924;0.020227268496273876
4274;1446;3873;0.017497259003584884
4275;1446;3924;-0.011438081165335377
4276;1446;3925;-0.006059177838249505
4277;1447;3874;-0.009750798967205678
4278;1447;3925;-0.004943187401344394
4279;1447;3926;0.014693986368550066
4280;1448;3875;0.010064537275173362
4281;1448;3926;-0.03238918062472089
4282;1448;3927;0.02232464334954753
4283;1449;3876;0.016511345868217547
4284;1449;3927;-0.011368509790315853
4285;1449;3928;-0.005142836077901695
4286;1450;3877;-0.011977868156207399
4287;1450;3928;-0.005220451453060087
4288;1450;3929;0.017198319609267487
4289;1451;3878;0.009370987735014734
4290;1451;3929;-0.0337143528205557
4291;1451;3930;0.02434336508554097
4292;1452;3879;0.015184672675758851
4293;1452;3930;-0.010986568568109069
4294;1452;3931;-0.004198104107649785
4295;1453;3880;-0.014377036085691495
4296;1453;3931;-0.005326995292979791
4297;1453;3932;0.01970403137867129
4298;1454;3881;0.008510120029290216
4299;1454;3932;-0.03468237254497094
4300;1454;3933;0.02617225251568073
4301;1455;3882;0.013576540287575205
4302;1455;3933;-0.01029377936148121
4303;1455;3934;-0.003282760926093993
4304;1456;3883;-0.016826622985076107
4305;1456;3934;-0.005234465520884368
4306;1456;3935;0.02206108850596048
4307;1457;3884;0.007525521686820269
4308;1457;3935;-0.03524709215600237
4309;1457;3936;0.027721570469182097
4310;1458;3885;0.011811757637802414
4311;1458;3936;-0.009352771255177483
4312;1458;3937;-0.0024589863826249324
4313;1459;3886;-0.01919645373782282
4314;1459;3937;-0.004949241563119734
4315;1459;3938;0.02414569530094253
4316;1460;3887;0.006485876015691469
4317;1460;3938;-0.035450182032571484
4318;1460;3939;0.028964306016880055
4319;1461;3888;0.010035389262019502
4320;1461;3939;-0.008265213613107102
4321;1461;3940;-0.0017701756489124014
4322;1462;3889;-0.021395072323854233
4323;1462;3940;-0.004513309218751273
4324;1462;3941;0.025908381542605496
4325;1463;3890;0.005461272105827835
4326;1463;3941;-0.03539307918683724
4327;1463;3942;0.029931807081009565
4328;1464;3891;0.008359414256297127
4329;1464;3942;-0.007129848559686987
4330;1464;3943;-0.001229565696610145
4331;1465;3892;-0.023381143496824866
4332;1465;3943;-0.0039853840543861135
4333;1466;3893;0.013956505423880241
4334;1466;3944;-0.013956505423880243
4335;1467;3894;-1.6982632187079966e-05
4336;1467;3944;-0.00023355433717358508
4337;1467;3945;0.00025053696936066497
4338;1468;3895;0.013235091117870131
4339;1468;3945;-0.015215071561419888
4340;1468;3946;0.0019799804435497587
4341;1469;3896;0.014842947419462451
4342;1469;3946;-0.0019135826777341542
4343;1469;3947;-0.012929364741728299
4344;1470;3897;-0.00015163566149394356
4345;1470;3947;-0.0006672194552862414
4346;1470;3948;0.000818855116780185
4347;1471;3898;0.012724913087842085
4348;1471;3948;-0.016665166243758127
4349;1471;3949;0.003940253155916047
4350;1472;3899;0.015784815262900882
4351;1472;3949;-0.0036763688152453354
4352;1472;3950;-0.012108446447655546
4353;1473;3900;-0.00041761088796546126
4354;1473;3950;-0.0010827373960338427
4355;1473;3951;0.001500348283999304
4356;1474;3901;0.0123983762889328
4357;1474;3951;-0.018242333773216383
4358;1474;3952;0.005843957484283584
4359;1475;3902;0.016687600960398216
4360;1475;3952;-0.005252525301108795
4361;1475;3953;-0.011435075659289421
4362;1476;3903;-0.0008155093968171649
4363;1476;3953;-0.001504576906935182
4364;1476;3954;0.002320086303752348
4365;1477;3904;0.012206130806259024
4366;1477;3954;-0.019901662499634327
4367;1477;3955;0.007695531693375292
4368;1478;3905;0.01749166574671411
4369;1478;3955;-0.0066416762792109695
4370;1478;3956;-0.010849989467503141
4371;1479;3906;-0.0013533978182077916
4372;1479;3956;-0.0019487418416483924
4373;1479;3957;0.003302139659856184
4374;1480;3907;0.01210089960305584
4375;1480;3957;-0.021621985628932288
4376;1480;3958;0.009521086025876441
4377;1481;3908;0.018160576737379402
4378;1481;3958;-0.007857491242777329
4379;1481;3959;-0.010303085494602076
4380;1482;3909;-0.0020470528762362695
4381;1482;3959;-0.0024238631564572504
4382;1482;3960;0.00447091603269352
4383;1483;3910;0.012040816899397448
4384;1483;3960;-0.023396698213241
4385;1483;3961;0.01135588131384355
4386;1484;3911;0.01866824503658127
4387;1484;3961;-0.008915051969099903
4388;1484;3962;-0.009753193067481368
4389;1485;3912;-0.00291928670822352
4390;1485;3962;-0.0029316040037905347
4391;1485;3963;0.005850890712014055
4392;1486;3913;0.01198667378509206
4393;1486;3963;-0.025223557231351383
4394;1486;3964;0.013236883446259295
4395;1487;3914;0.01898973154748096
4396;1487;3964;-0.009823821232308964
4397;1487;3965;-0.009165910315171995
4398;1488;3915;-0.0039988251488185704
4399;1488;3965;-0.0034659163594535423
4400;1488;3966;0.007464741508272111
4401;1489;3916;0.01189859270833625
4402;1489;3966;-0.027095097281843714
4403;1489;3967;0.01519650457350745
4404;1490;3917;0.01909506634691427
4405;1490;3967;-0.010582537197422219
4406;1490;3968;-0.008512529149492052
4407;1491;3918;-0.005318020182319169
4408;1491;3968;-0.004011378730521394
4409;1491;3969;0.009329398912840563
4410;1492;3919;0.011734161340585362
4411;1492;3969;-0.02898899373402162
4412;1492;3970;0.017254832393436247
4413;1493;3920;0.018945745724970525
4414;1493;3970;-0.011174527514319275
4415;1493;3971;-0.007771218210651232
4416;1494;3921;-0.006907971819224002
4417;1494;3971;-0.004541264537921096
4418;1494;3972;0.0114492363571451
4419;1495;3922;0.011449236357145308
4420;1495;3972;-0.030858347051651573
4421;1495;3973;0.019409110694506262
4422;1496;3923;0.018495052224223926
4423;1496;3973;-0.01156420665617358
4424;1496;3974;-0.006930845568050343
4425;1497;3924;-0.0087891873309385
4426;1497;3974;-0.005016480079495006
4427;1497;3975;0.013805667410433504
4428;1498;3925;0.011002365239593897
4429;1498;3975;-0.03262377537670066
4430;1498;3976;0.021621410137106764
4431;1499;3926;0.017695194256170818
4432;1499;3976;-0.011698245586428825
4433;1499;3977;-0.005996948669741991
4434;1500;3927;-0.010956133559231633
4435;1500;3977;-0.005387009565416994
4436;1500;3978;0.01634314312464863
4437;1501;3928;0.010363287530961782
4438;1501;3978;-0.03417249371793581
4439;1501;3979;0.02380920618697403
4440;1502;3929;0.016516033211288222
4441;1502;3979;-0.011517949275108458
4442;1502;3980;-0.00499808393617976
4443;1503;3930;-0.013356796517431893
4444;1503;3980;-0.005598018412288724
4445;1503;3981;0.018954814929720582
4446;1504;3931;0.009525099400629579
4447;1504;3981;-0.03537493262160804
4448;1504;3982;0.02584983322097845
4449;1505;3932;0.01497834116629965
4450;1505;3982;-0.010989531290814411
4451;1505;3983;-0.003988809875485239
4452;1506;3933;-0.01587847315419952
4453;1506;3983;-0.005603457137204016
4454;1506;3984;0.021481930291403526
4455;1507;3934;0.00851722644697836
4456;1507;3984;-0.036132528808455674
4457;1507;3985;0.027615302361477315
4458;1508;3935;0.01318600365004189
4459;1508;3985;-0.010144022571474861
4460;1508;3986;-0.0030419810785670283
4461;1509;3936;-0.018368799214004618
4462;1509;3986;-0.005388024324112141
4463;1509;3987;0.02375682353811675
4464;1510;3937;0.007408227945744668
4465;1510;3987;-0.036442329510018016
4466;1510;3988;0.02903410156427335
4467;1511;3938;0.011304486731628951
4468;1511;3988;-0.009081212512708419
4469;1511;3989;-0.002223274218920532
4470;1512;3939;-0.020699092403772993
4471;1512;3989;-0.0049825174580379675
4472;1512;3990;0.02568160986181096
4473;1513;3940;0.006283484867663669
4474;1513;3990;-0.03640065802218534
4475;1513;3991;0.03011717315452167
4476;1514;3941;0.009484697644231743
4477;1514;3991;-0.007919393601066011
4478;1514;3992;-0.001565304043165731
4479;1515;3942;-0.022801958521322593
4480;1515;3992;-0.0044497209639711
4481;1515;3993;0.027251679485293695
4482;1516;3943;0.005214949750996245
4483;1516;3993;-0.03614097097250635
4484;1517;3944;0.014190059761053826
4485;1517;3994;-0.015153715835485778
4486;1517;3995;0.0009636560744319511
4487;1518;3945;0.01496453459205923
4488;1518;3995;-0.0009473646390607227
4489;1518;3996;-0.014017169952998513
4490;1519;3946;-6.639776581560403e-05
4491;1519;3996;-0.0004779293364689608
4492;1519;3997;0.0005443271022845648
4493;1520;3947;0.013596584197014538
4494;1520;3997;-0.016497052346926968
4495;1520;3998;0.002900468149912427
4496;1521;3948;0.015846311126977944
4497;1521;3998;-0.002754406897267888
4498;1521;3999;-0.013091904229710056
4499;1522;3949;-0.00026388434067071184
4500;1522;3999;-0.0009220910041013465
4501;1522;4000;0.0011859753447720587
4502;1523;3950;0.01319118384368939
4503;1523;4000;-0.018000164026292877
4504;1523;4001;0.004808980182603488
4505;1524;3951;0.01674198548921708
4506;1524;4001;-0.00440460762686974
4507;1524;4002;-0.012337377862347343
4508;1525;3952;-0.0005914321831747881
4509;1525;4002;-0.0013604864108924374
4510;1525;4003;0.0019519185940672262
4511;1526;3953;0.012939652566224598
4512;1526;4003;-0.019615910626088577
4513;1526;4004;0.006676258059863974
4514;1527;3954;0.01758157619588198
4515;1527;4004;-0.005882725155377875
4516;1527;4005;-0.011698851040504103
4517;1528;3955;-0.001053855414164331
4518;1528;4005;-0.0018134983341957932
4519;1528;4006;0.0028673537483601243
4520;1529;3956;0.012798731309151537
4521;1529;4006;-0.02131648307313067
4522;1529;4007;0.008517751763979132
4523;1530;3957;0.018319845969076102
4524;1530;4007;-0.007195131704747449
4525;1530;4008;-0.011124714264328654
4526;1531;3958;-0.0016635947830991058
4527;1531;4008;-0.0022941598883032617
4528;1531;4009;0.003957754671402367
4529;1532;3959;0.012726948651059323
4530;1532;4009;-0.023090971983214095
4531;1532;4010;0.010364023332154772
4532;1533;3960;0.01892578218054748
4533;1533;4010;-0.008355443586572631
4534;1533;4011;-0.010570338593974847
4535;1534;3961;-0.0024408293447436454
4536;1534;4011;-0.002808705508420625
4537;1534;4012;0.00524953485316427
4538;1535;3962;0.012684797071271903
4539;1535;4012;-0.02493698759652503
4540;1535;4013;0.012252190525253137
4541;1536;3963;0.019372666519337327
4542;1536;4013;-0.009375683547813934
4543;1536;4014;-0.009996982971523391
4544;1537;3964;-0.003413062213950331
4545;1537;4014;-0.00335617303681344
4546;1537;4015;0.00676923525076377
4547;1538;3965;0.012631826674625538
4548;1538;4015;-0.026851367457609798
4549;1538;4016;0.01421954078298426
4550;1539;3966;0.019630355773571598
4551;1539;4016;-0.010260083340130824
4552;1539;4017;-0.009370272433440775
4553;1540;3967;-0.004613967376085227
4554;1540;4017;-0.003926861428715995
4555;1540;4018;0.008540828804801216
4556;1541;3968;0.012523907880013445
4557;1541;4018;-0.02882017101110697
4558;1541;4019;0.01629626313109354
4559;1542;3969;0.019659594821181063
4560;1542;4019;-0.010999241333452491
4561;1542;4020;-0.00866035348772857
4562;1543;3970;-0.006080304879116974
4563;1543;4020;-0.004499961597404987
4564;1543;4021;0.01058026647652196
4565;1544;3971;0.012312482748572332
4566;1544;4021;-0.03080753497279605
4567;1544;4022;0.018495052224223717
4568;1545;3972;0.019409110694506473
4569;1545;4022;-0.011564206656173578
4570;1545;4023;-0.007844904038332896
4571;1546;3973;-0.007844904038332682
4572;1546;4023;-0.005041231673939023
4573;1546;4024;0.012886135712271705
4574;1547;3974;0.011947325647545345
4575;1547;4024;-0.03274427573080426
4576;1547;4025;0.020796950083258915
4577;1548;3975;0.018818107966267143
4578;1548;4025;-0.011902730192745365
4579;1548;4026;-0.00691537777352178
4580;1549;3976;-0.009923164550677939
4581;1549;4026;-0.005502250393508219
4582;1549;4027;0.015425414944186155
4583;1550;3977;0.011383958235158986
4584;1550;4027;-0.034519965974575254
4585;1550;4028;0.023136007739416264
4586;1551;3978;0.017829350593287184
4587;1551;4028;-0.011943808037630402
4588;1551;4029;-0.005885542555656779
4589;1552;3979;-0.012291256911865573
4590;1552;4029;-0.005823432313871743
4591;1552;4030;0.018114689225737318
4592;1553;3980;0.010596102348468483
4593;1553;4030;-0.035987555873673256
4594;1553;4031;0.025391453525204766
4595;1554;3981;0.016420117691887462
4596;1554;4031;-0.011620704502201477
4597;1554;4032;-0.0047994131896859854
4598;1555;3982;-0.014860301930164044
4599;1555;4032;-0.0059439806155808
4600;1555;4033;0.020804282545744842
4601;1556;3983;0.009592267012689221
4602;1556;4033;-0.036998336912248506
4603;1556;4034;0.027406069899559328
4604;1557;3984;0.014650598517052148
4605;1557;4034;-0.010918516131787315
4606;1557;4035;-0.003732082385264834
4607;1558;3985;-0.017471279790002466
4608;1558;4035;-0.005823299521232949
4609;1558;4036;0.023294579311235415
4610;1559;3986;0.008430005402679165
4611;1559;4036;-0.03748104617849374
4612;1559;4037;0.029051040775814576
4613;1560;3987;0.012685505971901266
4614;1560;4037;-0.009914773855899521
4615;1560;4038;-0.0027707321160017452
4616;1561;3988;-0.019952889051564934
4617;1561;4038;-0.005470037091757807
4618;1561;4039;0.025422926143322755
4619;1562;3989;0.007205791676958499
4620;1562;4039;-0.037501812434436434
4621;1562;4040;0.03029602075747794
4622;1563;3990;0.010719048160374375
4623;1563;4040;-0.008743527785317853
4624;1563;4041;-0.0019755203750565207
4625;1564;3991;-0.022197779553455657
4626;1564;4041;-0.004944585077223893
4627;1564;4042;0.027142364630679545
4628;1565;3992;0.00601502500713683
4629;1565;4042;-0.037210782682730134
4630;1565;4043;0.031195757675593308
4631;1566;3993;0.008889291487212712
4632;1566;4043;-0.007527742478170596
4633;1567;3994;0.01515371583548578
4634;1567;4044;-0.01515371583548578
4635;1568;3995;-1.6291435371228947e-05
4636;1568;4044;-0.0002561866092249891
4637;1568;4045;0.00027247804459621804
4638;1569;3996;0.01449509928946747
4639;1569;4045;-0.016385141264537384
4640;1569;4046;0.0018900419750699123
4641;1570;3997;0.015952725244642404
4642;1570;4046;-0.0018263704463865457
4643;1570;4047;-0.014126354798255856
4644;1571;3998;-0.00014606125264453887
4645;1571;4047;-0.0007356453548023711
4646;1571;4048;0.0008817066074469099
4647;1572;3999;0.014013995233811409
4648;1572;4048;-0.017798209621954695
4649;1572;4049;0.003784214388143258
4650;1573;4000;0.01681418868152082
4651;1573;4049;-0.0035301065032999866
4652;1573;4050;-0.013284082178220833
4653;1574;4001;-0.0004043725557337536
4654;1574;4050;-0.0011958061568112697
4655;1574;4051;0.0016001787125450233
4656;1575;4002;0.013697864273239779
4657;1575;4051;-0.01935191886662499
4658;1575;4052;0.00565405459338523
4659;1576;4003;0.017663992032021354
4660;1576;4052;-0.005081927980636298
4661;1576;4053;-0.012582064051385056
4662;1577;4004;-0.0007935329044860991
4663;1577;4053;-0.0016607464403330656
4664;1577;4054;0.0024542793448191647
4665;1578;4005;0.013512349374699908
4666;1578;4054;-0.021014800210627793
4667;1578;4055;0.007502450835927904
4668;1579;4006;0.018449129324770545
4669;1579;4055;-0.006478643055651602
4670;1579;4056;-0.011970486269118941
4671;1580;4007;-0.0013226200592316823
4672;1580;4056;-0.0021476405591206926
4673;1580;4057;0.0034702606183523764
4674;1581;4008;0.013418874152631925
4675;1581;4057;-0.022771568700484784
4676;1581;4058;0.0093526945478529
4677;1582;4009;0.019133217311811727
4678;1582;4058;-0.007730071074611547
4679;1582;4059;-0.01140314623720018
4680;1583;4010;-0.0020085797455821402
4681;1583;4059;-0.002667101852158838
4682;1583;4060;0.004675681597740972
4683;1584;4011;0.01337904410239547
4684;1584;4060;-0.02461849772338833
4685;1584;4061;0.011239453620992858
4686;1585;4012;0.019687452743360756
4687;1585;4061;-0.00884901691841212
4688;1585;4062;-0.010838435824948638
4689;1586;4013;-0.002876506977439196
4690;1586;4062;-0.0032230924384349206
4691;1586;4063;0.0060995994158741206
4692;1587;4014;0.013353156008336833
4693;1587;4063;-0.026555457838646795
4694;1587;4064;0.013202301830310018
4695;1588;4015;0.02008213220684603
4696;1588;4064;-0.009844196924821113
4697;1588;4065;-0.010237935282024914
4698;1589;4016;-0.0039594574428534375
4699;1589;4065;-0.0038117031774210896
4700;1589;4066;0.00777116062027453
4701;1590;4017;0.013297133862156772
4702;1590;4066;-0.02857636059014544
4703;1590;4067;0.015279226727988678
4704;1591;4018;0.02027934220630576
4705;1591;4067;-0.010713780828280063
4706;1591;4068;-0.009565561378025696
4707;1592;4019;-0.005297021797641087
4708;1592;4068;-0.004418724083875391
4709;1592;4069;0.00971574588151648
4710;1593;4020;0.013160315085133541
4711;1593;4069;-0.030657574088718206
4712;1593;4070;0.01749725900358466
4713;1594;4021;0.020227268496274087
4714;1594;4070;-0.011438081165335361
4715;1594;4071;-0.008789187330938726
4716;1595;4022;-0.0069308455680501405
4717;1595;4071;-0.005016480079494991
4718;1595;4072;0.011947325647545132
4719;1596;4023;0.012886135712271918
4720;1596;4072;-0.03274427573080427
4721;1596;4073;0.019858140018532287
4722;1597;4024;0.01985814001853256
4723;1597;4073;-0.011972046407072334
4724;1597;4074;-0.00788609361146023
4725;1598;4025;-0.00889421989051355
4726;1598;4074;-0.005561180112905212
4727;1598;4075;0.014455400003418762
4728;1599;4026;0.012417628167029994
4729;1599;4075;-0.034736941899208236
4730;1599;4076;0.022319313732178173
4731;1600;4027;0.019094551030389095
4732;1600;4076;-0.012242077702935212
4733;1600;4077;-0.006852473327453885
4734;1601;4028;-0.011192199701785865
4735;1601;4077;-0.005992875993281183
4736;1601;4078;0.017185075695067054
4737;1602;4029;0.01170897486952853
4738;1602;4078;-0.03648473390644402
4739;1602;4079;0.024775759036915528
4740;1603;4030;0.01787286664793594
4741;1603;4079;-0.012157672882536899
4742;1603;4080;-0.00571519376539904
4743;1604;4031;-0.013770749023003289
4744;1604;4080;-0.006241070619698422
4745;1604;4081;0.020011819642701722
4746;1605;4032;0.010743393805266774
4747;1605;4081;-0.03780200449652035
4748;1605;4082;0.027058610691253582
4749;1606;4033;0.016194054366503664
4750;1606;4082;-0.01165317404671396
4751;1606;4083;-0.004540880319789703
4752;1607;4034;-0.016487553767772015
4753;1607;4083;-0.006241315392660894
4754;1607;4084;0.02272886916043291
4755;1608;4035;0.009555381906497783
4756;1608;4084;-0.03853736808896294
4757;1608;4085;0.028981986182465155
4758;1609;4036;0.014186466867258324
4759;1609;4085;-0.01075644102835953
4760;1609;4086;-0.003430025838898794
4761;1610;4037;-0.019136266919914994
4762;1610;4086;-0.005969395751895769
4763;1610;4087;0.025105662671810684
4764;1611;4038;0.008240769207759551
4765;1611;4087;-0.03868748471171614
4766;1611;4088;0.03044671550395656
4767;1612;4039;0.012078886291113679
4768;1612;4088;-0.00960205802661023
4769;1612;4089;-0.002476828264503447
4770;1613;4040;-0.021552492972160078
4771;1613;4089;-0.0054705775884516476
4772;1613;4090;0.027023070560611723
4773;1614;4041;0.006920105452280413
4774;1614;4090;-0.038402109075548085
4775;1614;4091;0.03148200362326767
4776;1615;4042;0.01006841805205059
4777;1615;4091;-0.008344360623488416
4778;1615;4092;-0.001724057428562194
4779;1616;4043;-0.023668015197422704
4780;1616;4092;-0.004834210916881107
4781;1617;4044;0.015409902444710768
4782;1617;4093;-0.01633045903683952
4783;1617;4094;0.0009205565921287528
4784;1618;4045;0.016112663219941165
4785;1618;4094;-0.0009049880496180057
4786;1618;4095;-0.015207675170323162
4787;1619;4046;-6.367152868336649e-05
4788;1619;4095;-0.0005209781574756988
4789;1619;4096;0.0005846496861590653
4790;1620;4047;0.014862000153058243
4791;1620;4096;-0.017643570069654134
4792;1620;4097;0.0027815699165958906
4793;1621;4048;0.016916503014507783
4794;1621;4097;-0.0026416039865483996
4795;1621;4098;-0.014274899027959385
4796;1622;4049;-0.00025410788484327135
4797;1622;4098;-0.0010085122564126858
4798;1622;4099;0.0012626201412559573
4799;1623;4050;0.014479888335032103
4800;1623;4099;-0.01911947835569421
4801;1623;4100;0.004639590020662124
4802;1624;4051;0.017751740154079966
4803;1624;4100;-0.004250574393535839
4804;1624;4101;-0.013501165760544128
4805;1625;4052;-0.0005721266127489306
4806;1625;4101;-0.0014893148635779824
4807;1625;4102;0.0020614414763269126
4808;1626;4053;0.014242810491718121
4809;1626;4102;-0.020727702674477762
4810;1626;4103;0.0064848921827596415
4811;1627;4054;0.01856052086580863
4812;1627;4103;-0.005718426740804832
4813;1627;4104;-0.012842094125003797
4814;1628;4055;-0.0010238077802762978
4815;1628;4104;-0.001984203548313796
4816;1628;4105;0.003008011328590095
4817;1629;4056;0.014118126828239642
4818;1629;4105;-0.022449691689777694
4819;1629;4106;0.008331564861538077
4820;1630;4057;0.019301308082132408
4821;1630;4106;-0.007049133718486802
4822;1630;4107;-0.012252174363645611
4823;1631;4058;-0.0016226234732413672
4824;1631;4107;-0.002507843197842268
4825;1631;4108;0.004130466671083633
4826;1632;4059;0.014070248089359
4827;1632;4108;-0.024279621724023547
4828;1632;4109;0.010209373634664506
4829;1633;4060;0.01994281612564736
4830;1633;4109;-0.008254266754073144
4831;1633;4110;-0.011688549371574215
4832;1634;4061;-0.0023904367025807394
4833;1634;4110;-0.003068793934337884
4834;1634;4111;0.005459230636918623
4835;1635;4062;0.014061528263383544
4836;1635;4111;-0.02621894020872859
4837;1635;4112;0.012157411945345052
4838;1636;4063;0.02045585842277268
4839;1636;4112;-0.009345397207653712
4840;1636;4113;-0.011110461215118966
4841;1637;4064;-0.0033581049054889154
4842;1637;4113;-0.003668704848373526
4843;1637;4114;0.007026809753862452
4844;1638;4065;0.014049638459446009
4845;1638;4114;-0.028268124662951213
4846;1638;4115;0.014218486203505258
4847;1639;4066;0.020805199969870913
4848;1639;4115;-0.01032745462314739
4849;1639;4116;-0.010477745346723522
4850;1640;4067;-0.004565445899708615
4851;1640;4116;-0.004300160716188703
4852;1640;4117;0.008865606615897303
4853;1641;4068;0.013984285461901086
4854;1641;4117;-0.030415701111131996
4855;1641;4118;0.01643141564923091
4856;1642;4069;0.020941828207201727
4857;1642;4118;-0.011191029239995796
4858;1642;4119;-0.00975079896720593
4859;1643;4070;-0.0060591778382493
4860;1643;4119;-0.004943187401344363
4861;1643;4120;0.011002365239593642
4862;1644;4071;0.013805667410433715
4863;1644;4120;-0.03262377537670062
4864;1644;4121;0.018818107966266883
4865;1645;4072;0.020796950083259144
4866;1645;4121;-0.011902730192745325
4867;1645;4122;-0.008894219890513816
4868;1646;4073;-0.007886093611459952
4869;1646;4122;-0.005561180112905199
4870;1646;4123;0.013447273724365149
4871;1647;4074;0.013447273724365438
4872;1647;4123;-0.034810721596890006
4873;1647;4124;0.021363447872524574
4874;1648;4075;0.020281541895789477
4875;1648;4124;-0.012395810156922616
4876;1648;4125;-0.007885731738866864
4877;1649;4076;-0.01007723602924297
4878;1649;4125;-0.00609808124267245
4879;1649;4126;0.01617531727191538
4880;1650;4077;0.01284534932073508
4881;1650;4126;-0.036835373196925585
4882;1650;4127;0.023990023876190467
4883;1651;4078;0.019299658211376976
4884;1651;4127;-0.012569506323730937
4885;1651;4128;-0.006730151887646037
4886;1652;4079;-0.01261808615437868
4887;1652;4128;-0.006479670928709996
4888;1652;4129;0.01909775708308869
4889;1653;4080;0.011956264385097417
4890;1653;4129;-0.038494960766136385
4891;1653;4130;0.026538696381038947
4892;1654;4081;0.01779018485381863
4893;1654;4130;-0.012315074782593825
4894;1654;4131;-0.005475110071224807
4895;1655;4082;-0.015405436644539612
4896;1655;4131;-0.006623625071142315
4897;1655;4132;0.02202906171568192
4898;1656;4083;0.010782195712450593
4899;1656;4132;-0.0395670229810712
4900;1656;4133;0.028784827268620604
4901;1657;4084;0.015808498928530028
4902;1657;4133;-0.01158898369743825
4903;1657;4134;-0.004219515231091779
4904;1658;4085;-0.018225545154105627
4905;1658;4134;-0.006468541346413531
4906;1658;4135;0.02469408650051915
4907;1659;4086;0.009399421590794564
4908;1659;4135;-0.039937858669262936
4909;1659;4136;0.030538437078468376
4910;1660;4087;0.013581822039905458
4911;1660;4136;-0.010492099388929813
4912;1660;4137;-0.0030897226509756463
4913;1661;4088;-0.02084465747734633
4914;1661;4137;-0.006025405363851441
4915;1661;4138;0.026870062841197775
4916;1662;4089;0.007947405852955095
4917;1662;4138;-0.03971620484315048
4918;1662;4139;0.03176879899019541
4919;1663;4090;0.011379038514936358
4920;1663;4139;-0.009208299982271973
4921;1663;4140;-0.002170738532664386
4922;1664;4091;-0.023137642999779252
4923;1664;4140;-0.005384108165933212
4924;1664;4141;0.02852175116571247
4925;1665;4092;0.006558268345443292
4926;1665;4141;-0.03912799464553064
4927;1666;4093;0.016330459036839523
4928;1666;4142;-0.01633045903683952
4929;1667;4094;-1.556854251074709e-05
4930;1667;4142;-0.00027618230960372155
4931;1667;4143;0.0002917508521144686
4932;1668;4095;0.01572865332779886
4933;1668;4143;-0.01754024815640609
4934;1668;4144;0.0018115948286072316
4935;1669;4096;0.017058920383495067
4936;1669;4144;-0.0017508335850197113
4937;1669;4145;-0.015308086798475357
4938;1670;4097;-0.00013996593004749034
4939;1670;4145;-0.0007966878499562921
4940;1670;4146;0.0009366537800037824
4941;1671;4098;0.015283411284372085
4942;1671;4146;-0.0189265615968382
4943;1671;4147;0.003643150312466113
4944;1672;4099;0.01785685821443825
4945;1672;4147;-0.003399932600127174
4946;1672;4148;-0.014456925614311077
4947;1673;4100;-0.00038901562712628443
4948;1673;4148;-0.0012978795133788972
4949;1673;4149;0.0016868951405051799
4950;1674;4101;0.014990480624122116
4951;1674;4149;-0.020465056552637823
4952;1674;4150;0.00547457592851568
4953;1675;4102;0.01866626119815085
4954;1675;4150;-0.0049250175086044175
4955;1675;4151;-0.013741243689546434
4956;1676;4103;-0.0007664654419548096
4957;1676;4151;-0.0018034731944628092
4958;1676;4152;0.002569938636417619
4959;1677;4104;0.014826297673317595
4960;1677;4152;-0.022136227198742295
4961;1677;4153;0.007309929525424704
4962;1678;4105;0.019441680361187597
4963;1678;4153;-0.006322968637254729
4964;1678;4154;-0.01311871172393287
4965;1679;4106;-0.0012824311430512745
4966;1679;4154;-0.002331713824335101
4967;1679;4155;0.0036141449673863756
4968;1680;4107;0.014760017561487877
4969;1680;4155;-0.02393210871601997
4970;1680;4156;0.009172091154532021
4971;1681;4108;0.020149155052939915
4972;1681;4156;-0.007602205123129303
4973;1681;4157;-0.01254694992981061
4974;1682;4109;-0.0019551068805913623
4975;1682;4157;-0.0028953071858136164
4976;1682;4158;0.004850414066404979
4977;1683;4110;0.014757343305912107
4978;1683;4158;-0.025854394751281297
4979;1683;4159;0.011097051445369117
4980;1684;4111;0.02075970957180997
4981;1684;4159;-0.008775199060410507
4982;1684;4160;-0.01198451051139946
4983;1685;4112;-0.0028120147376913397
4984;1685;4160;-0.0035009879836203177
4985;1685;4161;0.006313002721311658
4986;1686;4113;0.01477916606349251
4987;1686;4161;-0.02790833904496505
4988;1686;4162;0.01312917298147254
4989;1687;4114;0.02124131490908876
4990;1687;4162;-0.009851977629668692
4991;1687;4163;-0.01138933727942007
4992;1688;4115;-0.003891031580357868
4993;1688;4163;-0.0041478729866001665
4994;1688;4164;0.008038904566958032
4995;1689;4116;0.014777906062912221
4996;1689;4164;-0.03009334578357161
4997;1689;4165;0.01531543972065938
4998;1690;4117;0.021550094495234692
4999;1690;4165;-0.010832831253835672
5000;1690;4166;-0.010717263241399018
5001;1691;4118;-0.005240386409235111
5002;1691;4166;-0.004824150865937951
5003;1691;4167;0.010064537275173063
5004;1692;4119;0.014693986368550295
5005;1692;4167;-0.03238918062472082
5006;1692;4168;0.017695194256170544
5007;1693;4120;0.02162141013710698
5008;1693;4168;-0.011698245586428775
5009;1693;4169;-0.009923164550678203
5010;1694;4121;-0.006915377773521561
5011;1694;4169;-0.005502250393508206
5012;1694;4170;0.012417628167029765
5013;1695;4122;0.014455400003419022
5014;1695;4170;-0.034736941899208174
5015;1695;4171;0.020281541895789165
5016;1696;4123;0.02136344787252486
5017;1696;4171;-0.012395810156922602
5018;1696;4172;-0.008967637715602257
5019;1697;4124;-0.008967637715601957
5020;1697;4172;-0.006133755281947175
5021;1697;4173;0.015101392997549132
5022;1698;4125;0.013983812981539289
5023;1698;4173;-0.03701668126691159
5024;1698;4174;0.023032868285372314
5025;1699;4126;0.020660055925010207
5026;1699;4174;-0.012829044389913332
5027;1699;4175;-0.007831011535096875
5028;1700;4127;-0.011420517552459531
5029;1700;4175;-0.006646707243951104
5030;1700;4176;0.01806722479641062
5031;1701;4128;0.013209822816356005
5032;1701;4176;-0.03902977163567424
5033;1701;4177;0.025819948819318234
5034;1702;4129;0.019397203683047697
5035;1702;4177;-0.01286376496804079
5036;1702;4178;-0.006533438715006907
5037;1703;4130;-0.014223621598445122
5038;1703;4178;-0.006949237920955633
5039;1703;4179;0.02117285951940074
5040;1704;4131;0.012098735142367124
5041;1704;4179;-0.040509183942797
5042;1704;4180;0.028410448800429883
5043;1705;4132;0.01753796126538928
5044;1705;4180;-0.012382746241193026
5045;1705;4181;-0.005155215024196255
5046;1706;4133;-0.017195843571182312
5047;1706;4181;-0.006948017620062254
5048;1706;4182;0.024143861191244564
5049;1707;4134;0.010688056577505302
5050;1707;4182;-0.04121589898809771
5051;1707;4183;0.0305278424105924
5052;1708;4135;0.015243772168743789
5053;1708;4183;-0.011405207990355439
5054;1708;4184;-0.0038385641783883493
5055;1709;4136;-0.020046337689538563
5056;1709;4184;-0.006601602458599726
5057;1709;4185;0.02664794014813829
5058;1710;4137;0.00911512801482709
5059;1710;4185;-0.04114663023591225
5060;1710;4186;0.03203150222108516
5061;1711;4138;0.012846142001952703
5062;1711;4186;-0.01012289752472283
5063;1711;4187;-0.0027232444772298725
5064;1712;4139;-0.022560499007923437
5065;1712;4187;-0.0059790138546099575
5066;1712;4188;0.028539512862533402
5067;1713;4140;0.007554846698597597
5068;1713;4188;-0.04054109309238306
5069;1713;4189;0.03298624639378546
5070;1714;4141;0.010606243479818147
5071;1714;4189;-0.008741911887486156
5072;1715;4142;0.01660664134644324
5073;1715;4190;-0.01748923554316573
5074;1715;4191;0.0008825941967224862
5075;1716;4143;0.017248497304291618
5076;1716;4191;-0.0008677892189562817
5077;1716;4192;-0.01638070808533533
5078;1717;4144;-6.076124358752051e-05
5079;1717;4192;-0.0005587052095058348
5080;1717;4193;0.0006194664530933553
5081;1718;4145;0.016104774648431647
5082;1718;4193;-0.018778882448362066
5083;1718;4194;0.00267410779993042
5084;1719;4146;0.01798990781683442
5085;1719;4194;-0.002540752141760197
5086;1719;4195;-0.015449155675074221
5087;1720;4147;-0.00024321771233893792
5088;1720;4195;-0.0010850897051281525
5089;1720;4196;0.0013283074174670912
5090;1721;4148;0.015754805127689973
5091;1721;4196;-0.020235353495090643
5092;1721;4197;0.004480548367400674
5093;1722;4149;0.018778161412132642
5094;1722;4197;-0.0041088235582455975
5095;1722;4198;-0.014669337853887045
5096;1723;4150;-0.0005495584199112615
5097;1723;4198;-0.0016048475183718803
5098;1723;4199;0.002154405938283142
5099;1724;4151;0.015544716884009244
5100;1724;4199;-0.021841286976639875
5101;1724;4200;0.0062965700926306215
5102;1725;4152;0.019566288562324678
5103;1725;4200;-0.005561816008959731
5104;1725;4201;-0.014004472553364945
5105;1726;4153;-0.0009869608881699766
5106;1726;4201;-0.0021391865471788517
5107;1726;4202;0.0031261474353488266
5108;1727;4154;0.01545042554826797
5109;1727;4202;-0.023587385136355908
5110;1727;4203;0.008136959588087942
5111;1728;4155;0.020317963748633594
5112;1728;4203;-0.006903535676319581
5113;1728;4204;-0.013414428072314013
5114;1729;4156;-0.0015698860314027185
5115;1729;4204;-0.0027044111016106495
5116;1729;4205;0.004274297133013369
5117;1730;4157;0.015442257115624228
5118;1730;4205;-0.02547468262822185
5119;1730;4206;0.010032425512597622
5120;1731;4158;0.021003980684876314
5121;1731;4206;-0.008145403604161354
5122;1731;4207;-0.01285857708071496
5123;1732;4159;-0.002321852384958608
5124;1732;4207;-0.003311712930608569
5125;1732;4208;0.0056335653155671715
5126;1733;4160;0.015485498495019779
5127;1733;4208;-0.027511267212882693
5128;1733;4209;0.012025768717862912
5129;1734;4161;0.021595336323653392
5130;1734;4209;-0.009300413813477692
5131;1734;4210;-0.0122949225101757
5132;1735;4162;-0.0032771953518038522
5133;1735;4210;-0.003966110172196098
5134;1735;4211;0.007243305523999958
5135;1736;4163;0.015537210266020236
5136;1736;4211;-0.029705199947424807
5137;1736;4212;0.01416798968140457
5138;1737;4164;0.022054441216613575
5139;1737;4212;-0.010376713444221503
5140;1737;4213;-0.011677727772392073
5141;1738;4165;-0.004482608466823702
5142;1738;4213;-0.004663737524332422
5143;1738;4214;0.009146345991156126
5144;1739;4166;0.015541414107336969
5145;1739;4214;-0.03205275997555427
5146;1739;4215;0.016511345868217314
5147;1740;4167;0.022324643349547764
5148;1740;4215;-0.011368509790315843
5149;1740;4216;-0.010956133559231921
5150;1741;4168;-0.0059969486697417605
5151;1741;4216;-0.005387009565416947
5152;1741;4217;0.011383958235158729
5153;1742;4169;0.015425414944186408
5154;1742;4217;-0.0345199659745753
5155;1742;4218;0.019094551030388894
5156;1743;4170;0.02231931373217841
5157;1743;4218;-0.012242077702935205
5158;1743;4219;-0.010077236029243203
5159;1744;4171;-0.007885731738866572
5160;1744;4219;-0.006098081242672384
5161;1744;4220;0.013983812981538963
5162;1745;4172;0.015101392997549437
5163;1745;4220;-0.037016681266911565
5164;1745;4221;0.021915288269362142
5165;1746;4173;0.0219152882693624
5166;1746;4221;-0.012917747782901685
5167;1746;4222;-0.008997540486460683
5168;1747;4174;-0.010203823895458996
5169;1747;4222;-0.0067326964127847975
5170;1747;4223;0.016936520308243806
5171;1748;4175;0.014477718779047981
5172;1748;4223;-0.03936749791754293
5173;1748;4224;0.024889779138494945
5174;1749;4176;0.020962546839263622
5175;1749;4224;-0.013258062280875721
5176;1749;4225;-0.007704484558387902
5177;1750;4177;-0.012956183851277447
5178;1750;4225;-0.007198090097126828
5179;1750;4226;0.020154273948404276
5180;1751;4178;0.013482676635962542
5181;1751;4226;-0.04129452252319379
5182;1751;4227;0.02781184588723125
5183;1752;4179;0.019336324423396254
5184;1752;4227;-0.0130913756350172
5185;1752;4228;-0.006244948788379053
5186;1753;4180;-0.01602770255923686
5187;1753;4228;-0.007380769312764298
5188;1753;4229;0.02340847187200116
5189;1754;4181;0.01210323264425852
5190;1754;4229;-0.042459351729380826
5191;1754;4230;0.030356119085122292
5192;1755;4182;0.017072037796853144
5193;1755;4230;-0.012322091113810047
5194;1755;4231;-0.004749946683043099
5195;1756;4183;-0.019122634420236942
5196;1756;4231;-0.007183229787276763
5197;1756;4232;0.026305864207513747
5198;1757;4184;0.010440166636988086
5199;1757;4232;-0.04267236229562915
5200;1757;4233;0.03223219565864106
5201;1758;4185;0.014498690087773963
5202;1758;4233;-0.011089116618270741
5203;1758;4234;-0.003409573469503221
5204;1759;4186;-0.021908604696362327
5205;1759;4234;-0.006618247017127503
5206;1759;4235;0.028526851713489832
5207;1760;4187;0.008702258331839829
5208;1760;4235;-0.04212009146785327
5209;1760;4236;0.03341783313601342
5210;1761;4188;0.012001580229849665
5211;1761;4236;-0.0096553439966371
5212;1761;4237;-0.0023462362332125736
5213;1762;4189;-0.02424433450629933
5214;1762;4237;-0.005825136782752378
5215;1763;4190;0.01748923554316573
5216;1763;4238;-0.01748923554316573
5217;1764;4191;-1.4804977766204481e-05
5218;1764;4238;-0.0002933712280524957
5219;1764;4239;0.0003081762058187002
5220;1765;4192;0.01693941329484117
5221;1765;4239;-0.018679759826887722
5222;1765;4240;0.0017403465320465455
5223;1766;4193;0.01815941599526871
5224;1766;4240;-0.001682690233253496
5225;1766;4241;-0.016476725762015212
5226;1767;4194;-0.00013335565817022198
5227;1767;4241;-0.0008497111469719905
5228;1767;4242;0.0009830668051422126
5229;1768;4195;0.016534245380202373
5230;1768;4242;-0.020045344019064423
5231;1768;4243;0.0035110986388620464
5232;1769;4196;0.018907046077623554
5233;1769;4243;-0.003279815241772846
5234;1769;4244;-0.015627230835850707
5235;1770;4197;-0.0003717248091550762
5236;1770;4244;-0.0013875847480973563
5237;1770;4245;0.0017593095572524327
5238;1771;4198;0.01627418537225893
5239;1771;4245;-0.02157381520698666
5240;1771;4246;0.005299629834727734
5241;1772;4199;0.019686881038356734
5242;1772;4246;-0.004775616371081591
5243;1772;4247;-0.014911264667275142
5244;1773;4200;-0.0007347540836708897
5245;1773;4247;-0.0019304286446487312
5246;1773;4248;0.00266518272831962
5247;1774;4201;0.0161436591005438
5248;1774;4248;-0.023256096502179305
5249;1774;4249;0.007112437401635501
5250;1775;4202;0.020461237701007082
5251;1775;4249;-0.006168613812362788
5252;1775;4250;-0.014292623888644294
5253;1776;4203;-0.001233423911768353
5254;1776;4250;-0.002497526284509233
5255;1776;4251;0.0037309501962775856
5256;1777;4204;0.016118839173924662
5257;1777;4251;-0.02509228794918219
5258;1777;4252;0.008973448775257544
5259;1778;4205;0.02120038549520848
5260;1778;4252;-0.007467537023402743
5261;1778;4253;-0.01373284847180574
5262;1779;4206;-0.0018870219084362555
5263;1779;4253;-0.003103820882331129
5264;1779;4254;0.004990842790767384
5265;1780;4207;0.016170290011323533
5266;1780;4254;-0.027091587380883363
5267;1780;4255;0.010921297369559813
5268;1781;4208;0.02187770189731552
5269;1781;4255;-0.008686152977137356
5270;1781;4256;-0.013191548920178164
5271;1782;4209;-0.002725354904385224
5272;1782;4256;-0.00375936856362552
5273;1782;4257;0.006484723468010744
5274;1783;4210;0.01626103268237181
5275;1783;4257;-0.029267996520614598
5276;1783;4258;0.013006963838242784
5277;1784;4211;0.022461894423424847
5278;1784;4258;-0.00983789451472437
5279;1784;4259;-0.012623999908700476
5280;1785;4212;-0.003791276237183055
5281;1785;4259;-0.004467455940326351
5282;1785;4260;0.008258732177509408
5283;1786;4213;0.016341465296724506
5284;1786;4260;-0.03163154657779735
5285;1786;4261;0.015290081281072778
5286;1787;4214;0.022906413984398143
5287;1787;4261;-0.010928545828190469
5288;1787;4262;-0.011977868156207674
5289;1788;4215;-0.005142836077901475
5290;1788;4262;-0.005220451453059988
5291;1788;4263;0.010363287530961463
5292;1789;4216;0.016343143124648858
5293;1789;4263;-0.034172493717935785
5294;1789;4264;0.017829350593286934
5295;1790;4217;0.023136007739416573
5296;1790;4264;-0.011943808037630389
5297;1790;4265;-0.011192199701786185
5298;1791;4218;-0.0068524733274536835
5299;1791;4265;-0.005992875993281169
5300;1791;4266;0.012845349320734854
5301;1792;4219;0.016175317271915592
5302;1792;4266;-0.03683537319692563
5303;1792;4267;0.020660055925009982
5304;1793;4220;0.023032868285372602
5305;1793;4267;-0.012829044389913342
5306;1793;4268;-0.010203823895459263
5307;1794;4221;-0.008997540486460448
5308;1794;4268;-0.006732696412784787
5309;1794;4269;0.015730236899245235
5310;1795;4222;0.01573023689924548
5311;1795;4269;-0.03948296038367581
5312;1795;4270;0.023752723484430326
5313;1796;4223;0.022430977609299123
5314;1796;4270;-0.013464529939227629
5315;1796;4271;-0.008966447670071494
5316;1797;4224;-0.011631716857619254
5317;1797;4271;-0.0073541555002438926
5318;1797;4272;0.018985872357863146
5319;1798;4225;0.01490257465551473
5320;1798;4272;-0.041858581482664664
5321;1798;4273;0.02695600682714993
5322;1799;4226;0.021140248574789508
5323;1799;4273;-0.013656973353345557
5324;1799;4274;-0.007483275221443953
5325;1800;4227;-0.01472047025221405
5326;1800;4274;-0.0077368815353247595
5327;1800;4275;0.02245735178753881
5328;1801;4228;0.013625718101143349
5329;1801;4275;-0.043576531660730514
5330;1801;4276;0.029950813559587154
5331;1802;4229;0.019050879857379667
5332;1802;4276;-0.013203614329863708
5333;1802;4277;-0.005847265527515957
5334;1803;4230;-0.018034027971312223
5335;1803;4277;-0.0077420795212359665
5336;1803;4278;0.025776107492548155
5337;1804;4231;0.011933176470319867
5338;1804;4278;-0.04424623680516605
5339;1804;4279;0.03231306033484621
5340;1805;4232;0.016366498088115407
5341;1805;4279;-0.012101660862025732
5342;1805;4280;-0.004264837226089676
5343;1806;4233;-0.021143079040370327
5344;1806;4280;-0.0072941001916588125
5345;1806;4281;0.02843717923202914
5346;1807;4234;0.010027820486630722
5347;1807;4281;-0.043865363278430575
5348;1807;4282;0.03383754279179982
5349;1808;4235;0.01359323975436343
5350;1808;4282;-0.010641537311720762
5351;1808;4283;-0.0029517024426426695
5352;1809;4236;-0.023762489139376307
5353;1809;4283;-0.006503580924904851
5354;1809;4284;0.03026607006428115
5355;1810;4237;0.00817137301596495
5356;1810;4284;-0.042830697970029766
5357;1811;4238;0.017782606771218224
5358;1811;4285;-0.018630371567375147
5359;1811;4286;0.000847764796156919
5360;1812;4239;0.018371583621069023
5361;1812;4286;-0.0008337674992643568
5362;1812;4287;-0.017537816121804668
5363;1813;4240;-5.765629879304921e-05
5364;1813;4287;-0.0005907602070290112
5365;1813;4288;0.0006484165058220603
5366;1814;4241;0.0173264369089872
5367;1814;4288;-0.019899850967810686
5368;1814;4289;0.0025734140588234877
5369;1815;4242;0.01906227721392221
5370;1815;4289;-0.0024471662396787644
5371;1815;4290;-0.016615110974243445
5372;1816;4243;-0.0002312833970892012
5373;1816;4290;-0.001150915413965156
5374;1816;4291;0.001382198811054356
5375;1817;4244;0.017014815583948066
5376;1817;4291;-0.021341289452972027
5377;1817;4292;0.0043264738690239595
5378;1818;4245;0.019814505649734228
5379;1818;4292;-0.003973812174029679
5380;1818;4293;-0.01584069347570455
5381;1819;4246;-0.0005240134636461426
5382;1819;4293;-0.001705355052792035
5383;1819;4294;0.002229368516438179
5384;1820;4247;0.016841693311923867
5385;1820;4294;-0.02294775085901049
5386;1820;4295;0.006106057547086624
5387;1821;4248;0.020590913773859687
5388;1821;4295;-0.00540726334929359
5389;1821;4296;-0.015183650424566097
5390;1822;4249;-0.0009438235892727117
5391;1822;4296;-0.0022756725337158322
5392;1822;4297;0.0032194961229885435
5393;1823;4250;0.01679015017315353
5394;1823;4297;-0.024718793872068785
5395;1823;4298;0.007928643698915262
5396;1824;4251;0.0213613377529046
5397;1824;4298;-0.006752481202409838
5398;1824;4299;-0.014608856550494764
5399;1825;4252;-0.0015059117518548023
5400;1825;4299;-0.002879838774976023
5401;1825;4300;0.004385750526830825
5402;1826;4253;0.016836669354136868
5403;1826;4300;-0.026663511329163503
5404;1826;4301;0.009826841975026635
5405;1827;4254;0.02210074459011598
5406;1827;4301;-0.00802208862247872
5407;1827;4302;-0.014078655967637261
5408;1828;4255;-0.0022351443924224597
5409;1828;4302;-0.003531995121632223
5410;1828;4303;0.005767139514054683
5411;1829;4256;0.016950917483803687
5412;1829;4303;-0.028799156280102767
5413;1829;4304;0.01184823879629908
5414;1830;4257;0.02278327305260385
5415;1830;4304;-0.009232092527988376
5416;1830;4305;-0.013551180524615474
5417;1831;4258;-0.003169069323518418
5418;1831;4305;-0.004241405714237004
5419;1831;4306;0.007410475037755422
5420;1832;4259;0.017091455849026826
5421;1832;4306;-0.031145732231335863
5422;1832;4307;0.01405427638230903
5423;1833;4260;0.023372814400287944
5424;1833;4307;-0.01039650431649956
5425;1833;4308;-0.012976310083788386
5426;1834;4261;-0.004361535452882308
5427;1834;4308;-0.005009452282132086
5428;1834;4309;0.009370987735014394
5429;1835;4262;0.017198319609267664
5430;1835;4309;-0.033714352820555606
5431;1835;4310;0.016516033211287924
5432;1836;4263;0.023809206186974324
5433;1836;4310;-0.01151794927510841
5434;1836;4311;-0.012291256911865913
5435;1837;4264;-0.005885542555656549
5436;1837;4311;-0.005823432313871683
5437;1837;4312;0.011708974869528231
5438;1838;4265;0.017185075695067352
5439;1838;4312;-0.03648473390644409
5440;1838;4313;0.01929965821137676
5441;1839;4266;0.023990023876190775
5442;1839;4313;-0.012569506323730936
5443;1839;4314;-0.011420517552459842
5444;1840;4267;-0.007831011535096636
5445;1840;4314;-0.006646707243951076
5446;1840;4315;0.014477718779047717
5447;1841;4268;0.016936520308244045
5448;1841;4315;-0.03936749791754297
5449;1841;4316;0.022430977609298932
5450;1842;4269;0.02375272348443056
5451;1842;4316;-0.013464529939227645
5452;1842;4317;-0.010288193545202917
5453;1843;4270;-0.010288193545202695
5454;1843;4317;-0.007407320458247165
5455;1843;4318;0.017695514003449864
5456;1844;4271;0.016320603170315386
5457;1844;4318;-0.04215324762512142
5458;1844;4319;0.02583264445480603
5459;1845;4272;0.02287270912480151
5460;1845;4319;-0.014023374114395144
5461;1845;4320;-0.008849335010406363
5462;1846;4273;-0.013299033473804367
5463;1846;4320;-0.007989913134064362
5464;1846;4321;0.021288946607868744
5465;1847;4274;0.015220156756768709
5466;1847;4321;-0.044464761066986845
5467;1847;4322;0.029244604310218157
5468;1848;4275;0.0211191798731917
5469;1848;4322;-0.013980125764176812
5470;1848;4323;-0.007139054109014887
5471;1849;4276;-0.016747199229723442
5472;1849;4323;-0.00823663552367228
5473;1849;4324;0.02498383475339572
5474;1850;4277;0.013589345048751922
5475;1850;4324;-0.04577785639296039
5476;1850;4325;0.03218851134420847
5477;1851;4278;0.018470129312617895
5478;1851;4325;-0.013140521328403137
5479;1851;4326;-0.005329607984214757
5480;1852;4279;-0.020211399472820482
5481;1852;4326;-0.007985828212719459
5482;1852;4327;0.028197227685539943
5483;1853;4280;0.011558937417748489
5484;1853;4327;-0.045758360490737546
5485;1853;4328;0.03419942307298906
5486;1854;4281;0.015428184046401436
5487;1854;4328;-0.011708489954558896
5488;1854;4329;-0.0037196940918425387
5489;1855;4282;-0.023196005480079062
5490;1855;4329;-0.0072498417849353545
5491;1855;4330;0.03044584726501441
5492;1856;4283;0.009455283367547522
5493;1856;4330;-0.04474259902499702
5494;1856;4331;0.035287315657449504
5495;1857;4284;0.012564627905748457
5496;1857;4331;-0.010076047838882437
5497;1858;4285;0.018630371567375143
5498;1858;4332;-0.018630371567375143
5499;1859;4286;-1.3997296892562257e-05
5500;1859;4332;-0.0003076028200621715
5501;1859;4333;0.00032160011695473405
5502;1860;4287;0.018128576328833676
5503;1860;4333;-0.019801822936800793
5504;1860;4334;0.0016732466079671152
5505;1861;4288;0.019251434461988626
5506;1861;4334;-0.001618886947255658
5507;1861;4335;-0.01763254751473297
5508;1862;4289;-0.00012624781914472328
5509;1862;4335;-0.0008941615835118611
5510;1862;4336;0.0010204094026565844
5511;1863;4290;0.017766026388208594
5512;1863;4336;-0.021149548293658435
5513;1863;4337;0.0033835219054498384
5514;1864;4291;0.01995909064191767
5515;1864;4337;-0.003165135679511946
5516;1864;4338;-0.016793954962405724
5517;1865;4292;-0.00035266169499428124
5518;1865;4338;-0.0014637169276937275
5519;1865;4339;0.0018163786226880088
5520;1866;4293;0.01754604852849658
5521;1866;4339;-0.02267047205403197
5522;1866;4340;0.005124423525535387
5523;1867;4294;0.020718382342572315
5524;1867;4340;-0.004628651489640812
5525;1867;4341;-0.016089730852931503
5526;1868;4295;-0.0006987941977930331
5527;1868;4341;-0.0020394894324186575
5528;1868;4342;0.00273828363021169
5529;1869;4296;0.017459322958281925
5530;1869;4342;-0.024364520203347874
5531;1869;4343;0.006905197245065961
5532;1870;4297;0.021499297749080243
5533;1870;4343;-0.00601028167396536
5534;1870;4344;-0.015489016075114883
5535;1871;4298;-0.0011761624965054228
5536;1871;4344;-0.002641771542274112
5537;1871;4345;0.0038179340387795332
5538;1872;4299;0.017488695325470788
5539;1872;4345;-0.02624011081951121
5540;1872;4346;0.008751415494040422
5541;1873;4300;0.022277760802332677
5542;1873;4346;-0.007320094351072759
5543;1873;4347;-0.01495766645125992
5544;1874;4301;-0.0018047533525479152
5545;1874;4347;-0.003287861646625134
5546;1874;4348;0.005092614999173056
5547;1875;4302;0.01761065108926948
5548;1875;4348;-0.028315527672412466
5549;1875;4349;0.010704876583143001
5550;1876;4303;0.02303201676604808
5551;1876;4349;-0.008574283864537183
5552;1876;4350;-0.0144577329015109
5553;1877;4304;-0.002616146268310703
5554;1877;4350;-0.003991684583517164
5555;1877;4351;0.006607830851827864
5556;1878;4305;0.01779258623885249
5557;1878;4351;-0.030616743289467403
5558;1878;4352;0.012824157050614914
5559;1879;4306;0.02373525719358044
5560;1879;4352;-0.009791460110753979
5561;1879;4353;-0.013943797082826462
5562;1880;4307;-0.003657772065809469
5563;1880;4353;-0.004762048416211813
5564;1880;4354;0.008419820482021292
5565;1881;4308;0.01798576236592047
5566;1881;4354;-0.03317043504167905
5567;1881;4355;0.015184672675758605
5568;1882;4309;0.024343365085541212
5569;1882;4355;-0.010986568568109024
5570;1882;4356;-0.01335679651743219
5571;1883;4310;-0.004998083936179512
5572;1883;4356;-0.005598018412288599
5573;1883;4357;0.010596102348468119
5574;1884;4311;0.01811468922573761
5575;1884;4357;-0.03598755587367323
5576;1884;4358;0.017872866647935658
5577;1885;4312;0.024775759036915854
5578;1885;4358;-0.012157672882536861
5579;1885;4359;-0.012618086154378996
5580;1886;4313;-0.00673015188764582
5581;1886;4359;-0.006479670928709944
5582;1886;4360;0.013209822816355767
5583;1887;4314;0.01806722479641092
5584;1887;4360;-0.03902977163567437
5585;1887;4361;0.02096254683926345
5586;1888;4315;0.02488977913849526
5587;1888;4361;-0.013258062280875747
5588;1888;4362;-0.011631716857619514
5589;1889;4316;-0.008966447670071289
5590;1889;4362;-0.00735415550024387
5591;1889;4363;0.016320603170315154
5592;1890;4317;0.017695514003450083
5593;1890;4363;-0.042153247625121446
5594;1890;4364;0.024457733621671366
5595;1891;4318;0.024457733621671557
5596;1891;4364;-0.014150350280585745
5597;1891;4365;-0.010307383341085807
5598;1892;4319;-0.011809270340410887
5599;1892;4365;-0.00812114856415238
5600;1892;4366;0.01993041890456327
5601;1893;4320;0.016839248144470725
5602;1893;4366;-0.04503580632117208
5603;1893;4367;0.02819655817670136
5604;1894;4321;0.0231758144591181
5605;1894;4367;-0.014564523906538233
5606;1894;4368;-0.008611290552579871
5607;1895;4322;-0.015264478546041342
5608;1895;4368;-0.008623536856188415
5609;1895;4369;0.023888015402229762
5610;1896;4323;0.015375689632687168
5611;1896;4369;-0.0471197639525409
5612;1896;4370;0.03174407431985373
5613;1897;4324;0.020794021639564668
5614;1897;4370;-0.014153286719920378
5615;1897;4371;-0.00664073491964429
5616;1898;4325;-0.019047990015805358
5617;1898;4371;-0.008651299923613891
5618;1898;4372;0.027699289939419253
5619;1899;4326;0.013315436196934215
5620;1899;4372;-0.04774107665218107
5621;1899;4373;0.03442564045524685
5622;1900;4327;0.017561132805197607
5623;1900;4373;-0.012858571094099226
5624;1900;4374;-0.004702561711098381
5625;1901;4328;-0.022490933118430166
5626;1901;4374;-0.008058257219204668
5627;1901;4375;0.030549190337634848
5628;1902;4329;0.010969535876777892
5629;1902;4375;-0.04690014073440006
5630;1902;4376;0.035930604857622186
5631;1903;4330;0.014296751759982606
5632;1903;4376;-0.011151007716314205
5633;1903;4377;-0.0031457440436684077
5634;1904;4331;-0.02521126781856707
5635;1904;4377;-0.007033690883522603
5636;1905;4332;0.018937974387437315
5637;1905;4378;-0.019752643741194266
5638;1905;4379;0.0008146693537569508
5639;1906;4333;0.019480222819846054
5640;1906;4379;-0.0008015228157872533
5641;1906;4380;-0.018678700004058798
5642;1907;4334;-5.435966071145751e-05
5643;1907;4380;-0.0006168430613015113
5644;1907;4381;0.0006712027220129689
5645;1908;4335;0.018526709098244828
5646;1908;4381;-0.021002776588078073
5647;1908;4382;0.0024760674898332484
5648;1909;4336;0.02012913889100185
5649;1909;4382;-0.002357387342606854
5650;1909;4383;-0.017771751548395
5651;1910;4337;-0.0002183862259378924
5652;1910;4383;-0.0012052090479385872
5653;1910;4384;0.0014235952738764794
5654;1911;4338;0.018257671890099452
5655;1911;4384;-0.022430865950908565
5656;1911;4385;0.004173194060809112
5657;1912;4339;0.020854093431343965
5658;1912;4385;-0.0038411848824640273
5659;1912;4386;-0.017012908548879935
5660;1913;4340;-0.0004957720358945762
5661;1913;4386;-0.001789306856797351
5662;1913;4387;0.0022850788926919285
5663;1914;4341;0.018129220285350158
5664;1914;4387;-0.024038313841221078
5665;1914;4388;0.005909093555870937
5666;1915;4342;0.02162623657313618
5667;1915;4388;-0.005250077552073166
5668;1915;4389;-0.016376159021063014
5669;1916;4343;-0.0008949155711006004
5670;1916;4389;-0.0023910845702963587
5671;1916;4390;0.0032860001413969574
5672;1917;4344;0.018130787617388996
5673;1917;4390;-0.025832900971158652
5674;1917;4391;0.007702113353769665
5675;1918;4345;0.02242217678073168
5676;1918;4391;-0.006590795616924555
5677;1918;4392;-0.015831381163807123
5678;1919;4346;-0.0014313211429676656
5679;1919;4392;-0.0030301594418208283
5680;1919;4393;0.004461480584788496
5681;1920;4347;0.018245528097885048
5682;1920;4393;-0.027832434348582805
5683;1920;4394;0.009586906250697753
5684;1921;4348;0.02322291267323941
5685;1921;4394;-0.007877917360704128
5686;1921;4395;-0.015344995312535283
5687;1922;4349;-0.00213059271860582
5688;1922;4395;-0.0037238613633518184
5689;1922;4396;0.005854454081957635
5690;1923;4350;0.01844941748502807
5691;1923;4396;-0.030065351407713607
5692;1923;4397;0.011615933922685706
5693;1924;4351;0.02400891243763954
5694;1924;4397;-0.0091314818770853
5695;1924;4398;-0.014877430560554239
5696;1925;4352;-0.003032696939860936
5697;1925;4398;-0.004486571797866017
5698;1925;4399;0.0075192687377269585
5699;1926;4353;0.018705845499038285
5700;1926;4399;-0.03256794392248588
5701;1926;4400;0.013862098423447563
5702;1927;4354;0.024750614559657755
5703;1927;4400;-0.010373578473965868
5704;1927;4401;-0.014377036085691885
5705;1928;4355;-0.004198104107649569
5706;1928;4401;-0.005326995292979668
5707;1928;4402;0.009525099400629239
5708;1929;4356;0.018954814929720804
5709;1929;4402;-0.035374932621608075
5710;1929;4403;0.01642011769188721
5711;1930;4357;0.02539145352520511
5712;1930;4403;-0.011620704502201462
5713;1930;4404;-0.013770749023003652
5714;1931;4358;-0.005715193765398804
5715;1931;4404;-0.006241070619698337
5716;1931;4405;0.011956264385097141
5717;1932;4359;0.01909775708308894
5718;1932;4405;-0.038494960766136496
5719;1932;4406;0.019397203683047558
5720;1933;4360;0.025819948819318605
5721;1933;4406;-0.012863764968040845
5722;1933;4407;-0.01295618385127776
5723;1934;4361;-0.007704484558387704
5724;1934;4407;-0.007198090097126797
5725;1934;4408;0.014902574655514499
5726;1935;4362;0.018985872357863375
5727;1935;4408;-0.04185858148266474
5728;1935;4409;0.022872709124801376
5729;1936;4363;0.02583264445480629
5730;1936;4409;-0.014023374114395184
5731;1936;4410;-0.011809270340411113
5732;1937;4364;-0.01030738334108562
5733;1937;4410;-0.008121148564152376
5734;1937;4411;0.018428531905237994
5735;1938;4365;0.018428531905238188
5736;1938;4411;-0.04523262708097129
5737;1938;4412;0.0268040951757331
5738;1939;4366;0.025105387416608803
5739;1939;4412;-0.014879158444542167
5740;1939;4413;-0.010226228972066683
5741;1940;4367;-0.013632034270163126
5742;1940;4413;-0.008868927357590217
5743;1940;4414;0.022500961627753342
5744;1941;4368;0.017234827408768288
5745;1941;4414;-0.0481144358835074
5746;1941;4415;0.030879608474739112
5747;1942;4369;0.023231748550311154
5748;1942;4415;-0.015026301492862004
5749;1942;4416;-0.008205447057449166
5750;1943;4370;-0.01759078759993335
5751;1943;4416;-0.00922244497943514
5752;1943;4417;0.026813232579368493
5753;1944;4371;0.015292034843258208
5754;1944;4417;-0.0496787122258255
5755;1944;4418;0.03438667738256729
5756;1945;4372;0.020041786712761824
5757;1945;4418;-0.014075832928043201
5758;1945;4419;-0.005965953784718623
5759;1946;4373;-0.021567069361147606
5760;1946;4419;-0.008903172011780022
5761;1946;4420;0.030470241372927635
5762;1947;4374;0.012760818930303047
5763;1947;4420;-0.04929711599669882
5764;1947;4421;0.03653629706639578
5765;1948;4375;0.016350950396765217
5766;1948;4421;-0.012348960629904898
5767;1948;4422;-0.004001989766860316
5768;1949;4376;-0.024779597141307994
5769;1949;4422;-0.007916565911592496
5770;1949;4423;0.0326961630529005
5771;1950;4377;0.010179434927191037
5772;1950;4423;-0.04761205787741912
5773;1951;4378;0.019752643741194266
5774;1951;4424;-0.019752643741194266
5775;1952;4379;-1.3146537969697065e-05
5776;1952;4424;-0.0003187537124699333
5777;1952;4425;0.00033190025043963034
5778;1953;4380;0.019295543065360316
5779;1953;4425;-0.020903664596667572
5780;1953;4426;0.001608121531307278
5781;1954;4381;0.020331573866065107
5782;1954;4426;-0.0015572338448374382
5783;1954;4427;-0.018774340021227666
5784;1955;4382;-0.00011868014722639234
5785;1955;4427;-0.0009295783310092996
5786;1955;4428;0.001048258478235692
5787;1956;4383;0.01897696059633358
5788;1956;4428;-0.022234003890292148
5789;1956;4429;0.0032570432939585748
5790;1957;4384;0.021007270677032085
5791;1957;4429;-0.003052406381210261
5792;1957;4430;-0.017954864295821826
5793;1958;4385;-0.0003320091783450838
5794;1958;4430;-0.0015252465276247096
5795;1958;4431;0.0018572557059697934
5796;1959;4386;0.018802215405677284
5797;1959;4431;-0.02374746622653629
5798;1959;4432;0.004945250820859008
5799;1960;4387;0.021753234948529147
5800;1960;4432;-0.004480090405180181
5801;1960;4433;-0.017273144543348967
5802;1961;4388;-0.0006590160037977696
5803;1961;4433;-0.0021287597641390294
5804;1961;4434;0.0027877757679367994
5805;1962;4389;0.018767243591359378
5806;1962;4434;-0.025451655736271984
5807;1962;4435;0.006684412144912612
5808;1963;4390;0.02254690082976169
5809;1963;4435;-0.005843552395079388
5810;1963;4436;-0.016703348434682304
5811;1964;4391;-0.00111131773684511
5812;1964;4436;-0.0027613293246072906
5813;1964;4437;0.003872647061452401
5814;1965;4392;0.018861540605627954
5815;1965;4437;-0.027363136367382072
5816;1965;4438;0.008501595761754101
5817;1966;4393;0.023370953763794312
5818;1966;4438;-0.007154613833747443
5819;1966;4439;-0.016216339930046866
5820;1967;4394;-0.0017089888899936225
5821;1967;4439;-0.003442614198421081
5822;1967;4440;0.005151603088414704
5823;1968;4395;0.019068856675887105
5824;1968;4440;-0.029510221594746176
5825;1968;4441;0.010441364918859065
5826;1969;4396;0.02421089732575597
5827;1969;4441;-0.008432388471252238
5828;1969;4442;-0.015778508854503735
5829;1970;4397;-0.0024844520456004
5830;1970;4442;-0.00419080874856342
5831;1970;4443;0.006675260794163819
5832;1971;4398;0.019364002358420264
5833;1971;4443;-0.031933467255749845
5834;1971;4444;0.012569464897329565
5835;1972;4399;0.02504867518475892
5836;1972;4444;-0.009701646342194274
5837;1972;4445;-0.015347028842564649
5838;1973;4400;-0.0034885199494817058
5839;1973;4445;-0.005021600079808102
5840;1973;4446;0.008510120029289808
5841;1974;4401;0.01970403137867155
5842;1974;4446;-0.03468237254497091
5843;1974;4447;0.014978341166299362
5844;1975;4402;0.02584983322097884
5845;1975;4447;-0.010989531290814359
5846;1975;4448;-0.01486030193016448
5847;1976;4403;-0.004799413189685761
5848;1976;4448;-0.0059439806155807025
5849;1976;4449;0.010743393805266465
5850;1977;4404;0.02001181964270199
5851;1977;4449;-0.03780200449652049
5852;1977;4450;0.017790184853818506
5853;1978;4405;0.026538696381039353
5854;1978;4450;-0.01231507478259388
5855;1978;4451;-0.014223621598445476
5856;1979;4406;-0.006533438715006707
5857;1979;4451;-0.006949237920955555
5858;1979;4452;0.013482676635962263
5859;1980;4407;0.020154273948404536
5860;1980;4452;-0.041294522523193905
5861;1980;4453;0.02114024857478937
5862;1981;4408;0.026956006827150242
5863;1981;4453;-0.013656973353345599
5864;1981;4454;-0.013299033473804643
5865;1982;4409;-0.008849335010406198
5866;1982;4454;-0.007989913134064346
5867;1982;4455;0.016839248144470544
5868;1983;4410;0.01993041890456349
5869;1983;4455;-0.0450358063211722
5870;1983;4456;0.025105387416608713
5871;1984;4411;0.02680409517573329
5872;1984;4456;-0.014879158444542198
5873;1984;4457;-0.011924936731191091
5874;1985;4412;-0.011924936731190921
5875;1985;4457;-0.00895285758974261
5876;1985;4458;0.020877794320933535
5877;1986;4413;0.0190951563296569
5878;1986;4458;-0.048642356386755334
5879;1986;4459;0.029547200057098433
5880;1987;4414;0.025613474255754047
5881;1987;4459;-0.015621819808397962
5882;1987;4460;-0.009991654447356075
5883;1988;4415;-0.015853306981877105
5884;1988;4460;-0.009635902509337073
5885;1988;4461;0.025489209491214165
5886;1989;4416;0.017427892036884305
5887;1989;4461;-0.05131344929624307
5888;1989;4462;0.03388555725935877
5889;1990;4417;0.022865479646457028
5890;1990;4462;-0.01529139070165127
5891;1990;4463;-0.007574088944805757
5892;1991;4418;-0.020310844454524052
5893;1991;4463;-0.009719819064769441
5894;1991;4464;0.03003066351929346
5895;1992;4419;0.014869125796498649
5896;1992;4464;-0.051870042279381315
5897;1992;4465;0.03700091648288267
5898;1993;4420;0.018826874623771188
5899;1993;4465;-0.013689076347907475
5900;1993;4466;-0.005137798275863716
5901;1994;4421;-0.024187336436490868
5902;1994;4466;-0.00890602370392389
5903;1994;4467;0.033093360140414765
5904;1995;4422;0.01191855567845281
5905;1995;4467;-0.05031887026167485
5906;1995;4468;0.03840031458322203
5907;1996;4423;0.014915894824518588
5908;1996;4468;-0.011635914097688627
5909;1997;4424;0.020071397453664198
5910;1997;4469;-0.020853726633364836
5911;1997;4470;0.0007823291797006421
5912;1998;4425;0.020571764346227938
5913;1998;4470;-0.000770071641453854
5914;1998;4471;-0.01980169270477409
5915;1999;4426;-5.0887686469839715e-05
5916;1999;4471;-0.0006367178779267583
5917;1999;4472;0.0006876055643965979
5918;2000;4427;0.019703918352236942
5919;2000;4472;-0.02208352666469343
5920;2000;4473;0.002379608312456483
5921;2001;4428;0.021185745412056457
5922;2001;4473;-0.0022688941485188643
5923;2001;4474;-0.018916851263537593
5924;2002;4429;-0.00020463691274831173
5925;2002;4474;-0.0012473353228954981
5926;2002;4475;0.0014519722356438097
5927;2003;4430;0.019480110823446535
5928;2003;4475;-0.02349773413994525
5929;2003;4476;0.00401762331649872
5930;2004;4431;0.021890210520566496
5931;2004;4476;-0.0037076273270332744
5932;2004;4477;-0.018182583193533223
5933;2005;4432;-0.0004651604156788279
5934;2005;4477;-0.0018553991360069897
5935;2005;4478;0.002320559551685817
5936;2006;4433;0.01940190430748801
5937;2006;4478;-0.025104391378178294
5938;2006;4479;0.005702487070690283
5939;2007;4434;0.022663879968335188
5940;2007;4479;-0.005086546588717147
5941;2007;4480;-0.01757733337961804
5942;2008;4435;-0.0008408597498332238
5943;2008;4480;-0.002483105165022495
5944;2008;4481;0.0033239649148557155
5945;2009;4436;0.019464677759289596
5946;2009;4481;-0.026918663086989692
5947;2009;4482;0.00745398532770009
5948;2010;4437;0.023490489305929667
5949;2010;4482;-0.006414217238818234
5950;2010;4483;-0.017076272067111438
5951;2011;4438;-0.0013469819280066554
5952;2011;4483;-0.003151578979074938
5953;2011;4484;0.004498560907081591
5954;2012;4439;0.01965895412846795
5955;2012;4484;-0.028967139017388642
5956;2012;4485;0.00930818488892068
5957;2013;4440;0.024358618506331472
5958;2013;4485;-0.007707316724385986
5959;2013;4486;-0.016651301781945488
5960;2014;4441;-0.0020089764476068283
5961;2014;4486;-0.003881374781200292
5962;2014;4487;0.005890351228807122
5963;2015;4442;0.01996931760306716
5964;2015;4487;-0.03129062360856211
5965;2015;4488;0.011321306005494955
5966;2016;4443;0.025258206461586025
5967;2016;4488;-0.008990118533502347
5968;2016;4489;-0.01626808792808368
5969;2017;4444;-0.002867818555135291
5970;2017;4489;-0.0046926153707878
5971;2017;4490;0.007560433925923088
5972;2018;4445;0.020368628922372754
5973;2018;4490;-0.0339451692099477
5974;2018;4491;0.013576540287574938
5975;2019;4446;0.026172252515681105
5976;2019;4491;-0.010293779361481173
5977;2019;4492;-0.01587847315419993
5978;2020;4447;-0.003988809875485
5979;2020;4492;-0.00560345713720385
5980;2020;4493;0.00959226701268885
5981;2021;4448;0.020804282545745182
5982;2021;4493;-0.03699833691224863
5983;2021;4494;0.016194054366503494
5984;2022;4449;0.02705861069125403
5985;2022;4494;-0.011653174046713986
5986;2022;4495;-0.015405436644540041
5987;2023;4450;-0.0054751100712246235
5988;2023;4495;-0.006623625071142239
5989;2023;4496;0.01209873514236686
5990;2024;4451;0.02117285951940103
5991;2024;4496;-0.04050918394279719
5992;2024;4497;0.019336324423396174
5993;2025;4452;0.027811845887231644
5994;2025;4497;-0.013091375635017279
5995;2025;4498;-0.014720470252214363
5996;2026;4453;-0.0074832752214437645
5997;2026;4498;-0.007736881535324695
5998;2026;4499;0.015220156756768459
5999;2027;4454;0.021288946607868987
6000;2027;4499;-0.04446476106698697
6001;2027;4500;0.023175814459117986
6002;2028;4455;0.028196558176701636
6003;2028;4500;-0.014564523906538262
6004;2028;4501;-0.01363203427016334
6005;2029;4456;-0.010226228972066539
6006;2029;4501;-0.008868927357590203
6007;2029;4502;0.019095156329656728
6008;2030;4457;0.0208777943209337
6009;2030;4502;-0.04864235638675539
6010;2030;4503;0.027764562065821688
6011;2031;4458;0.02776456206582182
6012;2031;4503;-0.01583339703353826
6013;2031;4504;-0.011931165032283558
6014;2032;4459;-0.013925380248700478
6015;2032;4504;-0.009851386561905387
6016;2032;4505;0.023776766810605872
6017;2033;4460;0.01962755695669315
6018;2033;4505;-0.0523969732073412
6019;2033;4506;0.032769416250648054
6020;2034;4461;0.025824239805028903
6021;2034;4506;-0.0162991904867937
6022;2034;4507;-0.009525049318235227
6023;2035;4462;-0.018594166557707494
6024;2035;4507;-0.01038563321495166
6025;2035;4508;0.028979799772659152
6026;2036;4463;0.0172939080095752
6027;2036;4508;-0.05441622273051751
6028;2036;4509;0.03712231472094231
6029;2037;4464;0.02183937876008815
6030;2037;4509;-0.01517313901444908
6031;2037;4510;-0.00666623974563906
6032;2038;4465;-0.023311840134975195
6033;2038;4510;-0.009975193413195096
6034;2038;4511;0.033287033548170294
6035;2039;4466;0.014043821979787617
6036;2039;4511;-0.05342948034234156
6037;2039;4512;0.039385658362553935
6038;2040;4467;0.017225510121260085
6039;2040;4512;-0.013000733833173912
6040;2040;4513;-0.004224776288086186
6041;2041;4468;-0.026764400485533517
6042;2041;4513;-0.008601718869554159
6043;2042;4469;0.02085372663336484
6044;2042;4514;-0.02085372663336484
6045;2043;4470;-1.225753824678808e-05
6046;2043;4514;-0.0003267363130879815
6047;2043;4515;0.0003389938513347696
6048;2044;4471;0.020438410582700843
6049;2044;4515;-0.02198186301891905
6050;2044;4516;0.0015434524362182085
6051;2045;4472;0.02139592110029683
6052;2045;4516;-0.0014961832233497956
6053;2045;4517;-0.019899737876947036
6054;2046;4473;-0.0001107141639376192
6055;2046;4517;-0.0009556140041661438
6056;2046;4518;0.001066328168103763
6057;2047;4474;0.02016418658643308
6058;2047;4518;-0.023293448576838696
6059;2047;4519;0.0031292619904056216
6060;2048;4475;0.022045761904301436
6061;2048;4519;-0.002939078862907017
6062;2048;4520;-0.019106683041394422
6063;2049;4476;-0.00030999598946544277
6064;2049;4520;-0.0015713503683538778
6065;2049;4521;0.0018813463578193216
6066;2050;4477;0.02003798232954021
6067;2050;4521;-0.024797457930616214
6068;2050;4522;0.00475947560107599
6069;2051;4478;0.02278383182649248
6070;2051;4522;-0.004326896568613842
6071;2051;4523;-0.01845693525787864
6072;2052;4479;-0.0006159404819731384
6073;2052;4523;-0.0021966302434593514
6074;2052;4524;0.0028125707254324896
6075;2053;4480;0.020060438544640534
6076;2053;4524;-0.02650789022205081
6077;2053;4525;0.006447451677410275
6078;2054;4481;0.023594698172133974
6079;2054;4525;-0.005665011309728097
6080;2054;4526;-0.017929686862405876
6081;2055;4482;-0.0010397680888818567
6082;2055;4526;-0.002853380681108653
6083;2055;4527;0.0038931487699905096
6084;2056;4483;0.020227851046186372
6085;2056;4527;-0.028448859558307654
6086;2056;4528;0.008221008512121266
6087;2057;4484;0.024468578110307046
6088;2057;4528;-0.0069668855166118825
6089;2057;4529;-0.017501692593695165
6090;2058;4485;-0.001600868164534698
6091;2058;4529;-0.0035634239059789134
6092;2058;4530;0.0051642920705136115
6093;2059;4486;0.020532676563145783
6094;2059;4530;-0.03065884631476589
6095;2059;4531;0.01012616975162011
6096;2060;4487;0.02540027237975499
6097;2060;4531;-0.008254340868022063
6098;2060;4532;-0.017145931511732927
6099;2061;4488;-0.0023311874719926075
6100;2061;4532;-0.0043492823324898814
6101;2061;4533;0.006680469804482489
6102;2062;4489;0.020960703298871466
6103;2062;4533;-0.033194380062298766
6104;2062;4534;0.0122336767634273
6105;2063;4490;0.02638473528402461
6106;2063;4534;-0.009558112298948027
6107;2063;4535;-0.016826622985076582
6108;2064;4491;-0.0032827609260937768
6109;2064;4535;-0.005234465520884192
6110;2064;4536;0.008517226446977968
6111;2065;4492;0.02148193029140378
6112;2065;4536;-0.03613252880845575
6113;2065;4537;0.014650598517051975
6114;2066;4493;0.02740606989955979
6115;2066;4537;-0.010918516131787338
6116;2066;4538;-0.016487553767772452
6117;2067;4494;-0.004540880319789509
6118;2067;4538;-0.006241315392660773
6119;2067;4539;0.010782195712450293
6120;2068;4495;0.022029061715682276
6121;2068;4539;-0.039567022981071426
6122;2068;4540;0.017537961265389167
6123;2069;4496;0.028410448800430334
6124;2069;4540;-0.01238274624119307
6125;2069;4541;-0.016027702559237265
6126;2070;4497;-0.0062449487883788814
6127;2070;4541;-0.007380769312764233
6128;2070;4542;0.013625718101143082
6129;2071;4498;0.022457351787539062
6130;2071;4542;-0.043576531660730666
6131;2071;4543;0.02111917987319161
6132;2072;4499;0.029244604310218508
6133;2072;4543;-0.013980125764176876
6134;2072;4544;-0.015264478546041634
6135;2073;4500;-0.008611290552579714
6136;2073;4544;-0.008623536856188385
6137;2073;4545;0.017234827408768097
6138;2074;4501;0.022500961627753543
6139;2074;4545;-0.048114435883507514
6140;2074;4546;0.02561347425575397
6141;2075;4502;0.029547200057098665
6142;2075;4546;-0.015621819808398007
6143;2075;4547;-0.013925380248700658
6144;2076;4503;-0.011931165032283432
6145;2076;4547;-0.009851386561905387
6146;2076;4548;0.02178255159418882
6147;2077;4504;0.02178255159418895
6148;2077;4548;-0.05277471529068904
6149;2077;4549;0.03099216369650009
6150;2078;4505;0.028620206396735334
6151;2078;4549;-0.01687176313367239
6152;2078;4550;-0.011748443263062945
6153;2079;4506;-0.016470225763854353
6154;2079;4550;-0.010810470842796904
6155;2079;4551;0.027280696606651264
6156;2080;4507;0.01991068253318689
6157;2080;4551;-0.056434002567454525
6158;2080;4552;0.03652332003426763
6159;2081;4508;0.02543642295785834
6160;2081;4552;-0.016721596483282145
6161;2081;4553;-0.008714826474576193
6162;2082;4509;-0.021949175706493233
6163;2082;4553;-0.011023366964804363
6164;2082;4554;0.03297254267129758
6165;2083;4510;0.016641433158834158
6166;2083;4554;-0.05690094209835391
6167;2083;4555;0.04025950893951976
6168;2084;4511;0.02014244679417143
6169;2084;4555;-0.014602802279466615
6170;2084;4556;-0.005539644514704817
6171;2085;4512;-0.026384924529380047
6172;2085;4556;-0.00984392663618278
6173;2085;4557;0.036228851165562806
6174;2086;4513;0.012826495157640373
6175;2086;4557;-0.05419645220975074
6176;2087;4514;0.02118046294645282
6177;2087;4558;-0.02193053941031143
6178;2087;4559;0.0007500764638586066
6179;2088;4515;0.02164286916758429
6180;2088;4559;-0.00073873811531243
6181;2088;4560;-0.02090413105227186
6182;2089;4516;-4.726921286841392e-05
6183;2089;4560;-0.0006502298494777225
6184;2089;4561;0.0006974990623461366
6185;2090;4517;0.020855351881113184
6186;2090;4561;-0.02313770099213315
6187;2090;4562;0.0022823491110199674
6188;2091;4518;0.022227120408734938
6189;2091;4562;-0.002179914095534302
6190;2091;4563;-0.020047206313200634
6191;2092;4519;-0.00019018312749860428
6192;2092;4563;-0.0012768342034852878
6193;2092;4564;0.001467017330983892
6194;2093;4520;0.020678033409748296
6195;2093;4564;-0.02453569885022923
6196;2093;4565;0.003857665440480931
6197;2094;4521;0.022916111572796893
6198;2094;4565;-0.0035707589255106814
6199;2094;4566;-0.019345352647286214
6200;2095;4522;-0.00043257903246214885
6201;2095;4566;-0.00190260767845997
6202;2095;4567;0.002335186710922119
6203;2096;4523;0.020653565501337987
6204;2096;4567;-0.02613774441188476
6205;2096;4568;0.0054841789105467996
6206;2097;4524;0.023695319496618322
6207;2097;4568;-0.004913971728617346
6208;2097;4569;-0.018781347768000976
6209;2098;4525;-0.0007824403676821761
6210;2098;4569;-0.00254977877454593
6211;2098;4570;0.0033322191422281064
6212;2099;4526;0.02078306754351453
6213;2099;4570;-0.027965335369716897
6214;2099;4571;0.007182267826202366
6215;2100;4527;0.024555710788317142
6216;2100;4571;-0.006219610287592291
6217;2100;4572;-0.01833610050072485
6218;2101;4528;-0.0012541229955093814
6219;2101;4572;-0.0032406666928277697
6220;2101;4573;0.004494789688337151
6221;2102;4529;0.02106511649967408
6222;2102;4573;-0.030053269968816944
6223;2102;4574;0.008988153469142853
6224;2103;4530;0.02549455424425228
6225;2103;4574;-0.007506037503165667
6226;2103;4575;-0.017988516741086612
6227;2104;4531;-0.0018718288835980505
6228;2104;4575;-0.003998753940688584
6229;2104;4576;0.005870582824286635
6230;2105;4532;0.021495213844222805
6231;2105;4576;-0.0324547419166487
6232;2105;4577;0.0109595280724259
6233;2106;4533;0.026513910257816277
6234;2106;4577;-0.008801049441404196
6235;2106;4578;-0.017712860816412077
6236;2107;4534;-0.0026755644644792793
6237;2107;4578;-0.0048499572223405125
6238;2107;4579;0.007525521686819792
6239;2108;4535;0.022061088505960773
6240;2108;4579;-0.03524709215600235
6241;2108;4580;0.013186003650041635
6242;2109;4536;0.027615302361477776
6243;2109;4580;-0.010144022571474825
6244;2109;4581;-0.01747127979000295
6245;2110;4537;-0.003732082385264636
6246;2110;4581;-0.005823299521232785
6247;2110;4582;0.009555381906497422
6248;2111;4538;0.022728869160433228
6249;2111;4582;-0.03853736808896313
6250;2111;4583;0.015808498928529906
6251;2112;4539;0.02878482726862113
6252;2112;4583;-0.01158898369743831
6253;2112;4584;-0.017195843571182822
6254;2113;4540;-0.005155215024196078
6255;2113;4584;-0.006948017620062178
6256;2113;4585;0.012103232644258256
6257;2114;4541;0.023408471872001513
6258;2114;4585;-0.042459351729381076
6259;2114;4586;0.01905087985737957
6260;2115;4542;0.029950813559587584
6261;2115;4586;-0.013203614329863772
6262;2115;4587;-0.01674719922972381
6263;2116;4543;-0.007139054109014739
6264;2116;4587;-0.008236635523672237
6265;2116;4588;0.015375689632686979
6266;2117;4544;0.023888015402230022
6267;2117;4588;-0.04711976395254113
6268;2117;4589;0.023231748550311127
6269;2118;4545;0.03087960847473941
6270;2118;4589;-0.015026301492862083
6271;2118;4590;-0.015853306981877317
6272;2119;4546;-0.009991654447355957
6273;2119;4590;-0.00963590250933705
6274;2119;4591;0.019627556956693007
6275;2120;4547;0.023776766810606045
6276;2120;4591;-0.05239697320734128
6277;2120;4592;0.028620206396735244
6278;2121;4548;0.030992163696500215
6279;2121;4592;-0.016871763133672384
6280;2121;4593;-0.01412040056282781
6281;2122;4549;-0.0141204005628277
6282;2122;4593;-0.01095509475101641
6283;2122;4594;0.0250754953138441
6284;2123;4550;0.022558914105859855
6285;2123;4594;-0.057530856530198404
6286;2123;4595;0.034971942424338556
6287;2124;4551;0.02915330596080326
6288;2124;4595;-0.017909296585800975
6289;2124;4596;-0.011244009375002287
6290;2125;4552;-0.019801723550985483
6291;2125;4596;-0.011800678714372381
6292;2125;4597;0.031602402265357876
6293;2126;4553;0.019738193439380554
6294;2126;4597;-0.06044265037412681
6295;2126;4598;0.04070445693474626
6296;2127;4554;0.02392839942705633
6297;2127;4598;-0.016497192416382606
6298;2127;4599;-0.007431207010673723
6299;2128;4555;-0.025656706660053145
6300;2128;4599;-0.011261535299520993
6301;2128;4600;0.03691824195957414
6302;2129;4556;0.015383571150887598
6303;2129;4600;-0.05835143972784758
6304;2129;4601;0.042967868576959965
6305;2130;4557;0.017967601044187924
6306;2130;4601;-0.013636111639808489
6307;2131;4558;0.021930539410311426
6308;2131;4602;-0.021930539410311426
6309;2132;4559;-1.1338348546176776e-05
6310;2132;4602;-0.0003315076683790601
6311;2132;4603;0.0003428460169252369
6312;2133;4560;0.021554360901749593
6313;2133;4603;-0.023032593511747575
6314;2133;4604;0.0014782326099979821
6315;2134;4561;0.02244020192978701
6316;2134;4604;-0.0014346886520729624
6317;2134;4605;-0.02100551327771405
6318;2135;4562;-0.00010243501548566591
6319;2135;4605;-0.000972060070617281
6320;2135;4606;0.0010744950861029468
6321;2136;4563;0.021324040516685912
6322;2136;4606;-0.024322656978540136
6323;2136;4607;0.002998616461854217
6324;2137;4564;0.023068681519245335
6325;2137;4607;-0.002823406814245402
6326;2137;4608;-0.020245274704999934
6327;2138;4565;-0.0002869065149702493
6328;2138;4608;-0.0016014566345631453
6329;2138;4609;0.0018883631495333927
6330;2139;4566;0.021247960325746183
6331;2139;4609;-0.025813460729656124
6332;2139;4610;0.00456550040390994
6333;2140;4567;0.023802557700962637
6334;2140;4610;-0.004166989441337624
6335;2140;4611;-0.019635568259625015
6336;2141;4568;-0.0005702071819294539
6337;2141;4611;-0.002241862762666154
6338;2141;4612;0.0028120699445956096
6339;2142;4569;0.021331126542546902
6340;2142;4612;-0.02752409998304719
6341;2142;4613;0.006192973440500274
6342;2143;4570;0.024633116227488788
6343;2143;4613;-0.005472348259717834
6344;2143;4614;-0.01916076796777096
6345;2144;4571;-0.0009626575386100758
6346;2144;4614;-0.0029155722489143205
6347;2144;4615;0.003878229787524396
6348;2145;4572;0.021576767193552622
6349;2145;4615;-0.02948521438317058
6350;2145;4616;0.007908447189617869
6351;2146;4573;0.025558480280479794
6352;2146;4616;-0.006754059150002654
6353;2146;4617;-0.01880442113047714
6354;2147;4574;-0.0014821159659771863
6355;2147;4617;-0.003646098365660775
6356;2147;4618;0.005128214331637967
6357;2148;4575;0.0219872706817752
6358;2148;4618;-0.03174466005006728
6359;2148;4619;0.009757389368292088
6360;2149;4576;0.026584159092362062
6361;2149;4619;-0.008035792273473372
6362;2149;4620;-0.018548366818888686
6363;2150;4577;-0.002158478631021703
6364;2150;4620;-0.004459814639297144
6365;2150;4621;0.006618293270318845
6366;2151;4578;0.02256281803875259
6367;2151;4621;-0.03437457567655465
6368;2151;4622;0.011811757637802055
6369;2152;4579;0.027721570469182555
6370;2152;4622;-0.009352771255177372
6371;2152;4623;-0.018368799214005187
6372;2153;4580;-0.0030419810785668093
6373;2153;4623;-0.0053880243241119325
6374;2153;4624;0.008430005402678738
6375;2154;4581;0.023294579311235734
6376;2154;4624;-0.03748104617849387
6377;2154;4625;0.014186466867258125
6378;2155;4582;0.028981986182465707
6379;2155;4625;-0.01075644102835954
6380;2155;4626;-0.01822554515410617
6381;2156;4583;-0.004219515231091596
6382;2156;4626;-0.006468541346413401
6383;2156;4627;0.010688056577505007
6384;2157;4584;0.02414386119124499
6385;2157;4627;-0.04121589898809808
6386;2157;4628;0.01707203779685308
6387;2158;4585;0.03035611908512282
6388;2158;4628;-0.012322091113810128
6389;2158;4629;-0.018034027971312695
6390;2159;4586;-0.005847265527515796
6391;2159;4629;-0.007742079521235906
6392;2159;4630;0.0135893450487517
6393;2160;4587;0.024983834753396036
6394;2160;4630;-0.0457778563929607
6395;2160;4631;0.020794021639564664
6396;2161;4588;0.031744074319854154
6397;2161;4631;-0.014153286719920482
6398;2161;4632;-0.01759078759993367
6399;2162;4589;-0.008205447057449054
6400;2162;4632;-0.009222444979435114
6401;2162;4633;0.017427892036884152
6402;2163;4590;0.025489209491214367
6403;2163;4633;-0.051313449296243305
6404;2163;4634;0.025824239805028938
6405;2164;4591;0.032769416250648276
6406;2164;4634;-0.01629919048679378
6407;2164;4635;-0.016470225763854505
6408;2165;4592;-0.01174844326306285
6409;2165;4635;-0.010810470842796896
6410;2165;4636;0.02255891410585975
6411;2166;4593;0.025075495313844218
6412;2166;4636;-0.05753085653019841
6413;2166;4637;0.03245536121635419
6414;2167;4594;0.0324553612163543
6415;2167;4637;-0.018352278515873694
6416;2167;4638;-0.014103082700480598
6417;2168;4595;-0.01706264583853756
6418;2168;4638;-0.012197057388214229
6419;2168;4639;0.029259703226751796
6420;2169;4596;0.02304468808937467
6421;2169;4639;-0.06294361826176814
6422;2169;4640;0.03989893017239347
6423;2170;4597;0.02884024810876894
6424;2170;4640;-0.018645597218193782
6425;2170;4641;-0.010194650890575153
6426;2171;4598;-0.02420726451836365
6427;2171;4641;-0.012706344225717085
6428;2171;4642;0.03691360874408074
6429;2172;4599;0.018692742310194715
6430;2172;4642;-0.06327971116162384
6431;2172;4643;0.044586968851429126
6432;2173;4600;0.021433197768273442
6433;2173;4643;-0.015594752684325246
6434;2173;4644;-0.005838445083948193
6435;2174;4601;-0.029331756937151364
6436;2174;4644;-0.010850657889120832
6437;2175;4602;0.022262047078690485
6438;2175;4645;-0.02297953181868755
6439;2175;4646;0.0007174847399970651
6440;2176;4603;0.02268974749482234
6441;2176;4646;-0.0007070851316334001
6442;2176;4647;-0.021982662363188937
6443;2177;4604;-4.3543957925019593e-05
6444;2177;4647;-0.000657322642966195
6445;2177;4648;0.0007008666008912147
6446;2178;4605;0.02197757334833133
6447;2178;4648;-0.024160814230605038
6448;2178;4649;0.002183240882273717
6449;2179;4606;0.02324816189243719
6450;2179;4649;-0.0020892923229050816
6451;2179;4650;-0.02115886956953211
6452;2180;4607;-0.0001752096476088145
6453;2180;4650;-0.0012934568659321527
6454;2180;4651;0.0014686665135409675
6455;2181;4608;0.021846731339563077
6456;2181;4651;-0.025538855400032232
6457;2181;4652;0.0036921240604691615
6458;2182;4609;0.023925097580122727
6459;2182;4652;-0.0034290451342441127
6460;2182;4653;-0.020496052445878616
6461;2183;4610;-0.0003985109625723154
6462;2183;4653;-0.001930254733675827
6463;2183;4654;0.0023287656962481425
6464;2184;4611;0.02187743102229117
6465;2184;4654;-0.027130685754430086
6466;2184;4655;0.005253254732138887
6467;2185;4612;0.024712030038451575
6468;2185;4655;-0.004730678837490383
6469;2185;4656;-0.019981351200961193
6470;2186;4613;-0.0007206251807824388
6471;2186;4656;-0.002589642255700389
6472;2186;4657;0.0033102674364828295
6473;2187;4614;0.022076340216685277
6474;2187;4657;-0.02896286653076269
6475;2187;4658;0.006886526314077417
6476;2188;4615;0.025606984595646184
6477;2188;4658;-0.006005122116017668
6478;2188;4659;-0.01960186247962852
6479;2189;4616;-0.0011543880396152231
6480;2189;4659;-0.003294608292439419
6481;2189;4660;0.004448996332054641
6482;2190;4617;0.022450519496137918
6483;2190;4660;-0.031077173688664424
6484;2190;4661;0.008626654192526548
6485;2191;4618;0.02661644571842931
6486;2191;4661;-0.00727157131902848
6487;2191;4662;-0.019344874399400837
6488;2192;4619;-0.0017215970948187141
6489;2192;4662;-0.004070843621692514
6490;2192;4663;0.00579244071651123
6491;2193;4620;0.02300818145818584
6492;2193;4663;-0.03353786374322779
6493;2193;4664;0.010529682285041891
6494;2194;4621;0.027756282406235802
6495;2194;4664;-0.00855982866841228
6496;2194;4665;-0.019196453737823527
6497;2195;4622;-0.002458986382624682
6498;2195;4665;-0.004949241563119466
6499;2195;4666;0.007408227945744144
6500;2196;4623;0.023756823538117124
6501;2196;4666;-0.036442329510018155
6502;2196;4667;0.012685505971901026
6503;2197;4624;0.029051040775815128
6504;2197;4667;-0.009914773855899487
6505;2197;4668;-0.019136266919915643
6506;2198;4625;-0.00343002583889858
6507;2198;4668;-0.0059693957518955915
6508;2198;4669;0.00939942159079417
6509;2199;4626;0.024694086500519564
6510;2199;4669;-0.039937858669263276
6511;2199;4670;0.015243772168743723
6512;2200;4627;0.030527842410593073
6513;2200;4670;-0.011405207990355538
6514;2200;4671;-0.019122634420237535
6515;2201;4628;-0.00474994668304295
6516;2201;4671;-0.007183229787276695
6517;2201;4672;0.011933176470319638
6518;2202;4629;0.02577610749254859
6519;2202;4672;-0.0442462368051665
6520;2202;4673;0.018470129312617902
6521;2203;4630;0.032188511344209005
6522;2203;4673;-0.013140521328403244
6523;2203;4674;-0.01904799001580576
6524;2204;4631;-0.0066407349196441826
6525;2204;4674;-0.008651299923613853
6526;2204;4675;0.01529203484325804
6527;2205;4632;0.02681323257936878
6528;2205;4675;-0.04967871222582577
6529;2205;4676;0.022865479646456986
6530;2206;4633;0.03388555725935913
6531;2206;4676;-0.015291390701651333
6532;2206;4677;-0.018594166557707736
6533;2207;4634;-0.009525049318235154
6534;2207;4677;-0.010385633214951638
6535;2207;4678;0.019910682533186758
6536;2208;4635;0.027280696606651396
6537;2208;4678;-0.05643400256745462
6538;2208;4679;0.029153305960803233
6539;2209;4636;0.03497194242433869
6540;2209;4679;-0.017909296585801007
6541;2209;4680;-0.017062645838537692
6542;2210;4637;-0.014103082700480492
6543;2210;4680;-0.012197057388214224
6544;2210;4681;0.026300140088694718
6545;2211;4638;0.02630014008869483
6546;2211;4681;-0.06382311690202257
6547;2211;4682;0.037522976813327745
6548;2212;4639;0.033683915035016346
6549;2212;4682;-0.020033043624420075
6550;2212;4683;-0.013650871410596274
6551;2213;4640;-0.02125333295419969
6552;2213;4683;-0.013587992917519148
6553;2213;4684;0.03484132587171888
6554;2214;4641;0.02290099511629224
6555;2214;4684;-0.06866349760472978
6556;2214;4685;0.04576250248843754
6557;2215;4642;0.026366102417543093
6558;2215;4685;-0.0181357473905338
6559;2215;4686;-0.008230355027009306
6560;2216;4643;-0.028992216167103874
6561;2216;4686;-0.01284430436420856
6562;2216;4687;0.041836520531312434
6563;2217;4644;0.016689102973069046
6564;2217;4687;-0.06432627901282119
6565;2218;4645;0.022979531818687553
6566;2218;4688;-0.02297953181868755
6567;2219;4646;-1.0399608363665183e-05
6568;2219;4688;-0.0003330776502587508
6569;2219;4689;0.00034347725862241593
6570;2220;4647;0.022639985006155126
6571;2220;4689;-0.024051853722660867
6572;2220;4690;0.0014118687165057377
6573;2221;4648;0.023459947629713825
6574;2221;4690;-0.0013721084757124706
6575;2221;4691;-0.022087839154001355
6576;2222;4649;-9.394855936863545e-05
6577;2222;4691;-0.0009788727273555731
6578;2222;4692;0.0010728212867242087
6579;2223;4650;0.022452326435464257
6580;2223;4692;-0.025316598380287252
6581;2223;4693;0.002864271944822988
6582;2224;4651;0.02407018888649126
6583;2224;4693;-0.002704339162289197
6584;2224;4694;-0.021365849724202066
6585;2225;4652;-0.0002630789262250487
6586;2225;4694;-0.0016152950990843701
6587;2225;4695;0.0018783740253094192
6588;2226;4653;0.022426307179554447
6589;2226;4695;-0.026789015762933376
6590;2226;4696;0.004362708583378932
6591;2227;4654;0.024801920058181944
6592;2227;4696;-0.003999194920967023
6593;2227;4697;-0.02080272513721492
6594;2228;4655;-0.000522575894648506
6595;2228;4697;-0.0022636882207053366
6596;2228;4698;0.002786264115353843
6597;2229;4656;0.02257099345666158
6598;2229;4698;-0.02849195145042189
6599;2229;4699;0.005920957993760312
6600;2230;4657;0.025652599094279863
6601;2230;4699;-0.00526440593590592
6602;2230;4700;-0.02038819315837394
6603;2231;4658;-0.0008814041980597453
6604;2231;4700;-0.0029462107635956367
6605;2231;4701;0.003827614961655382
6606;2232;4659;0.02289647077206794
6607;2232;4701;-0.030461141928966214
6608;2232;4702;0.007564671156898282
6609;2233;4660;0.02662817735660978
6610;2233;4702;-0.006514854007975022
6611;2233;4703;-0.02011332334863476
6612;2234;4661;-0.0013550828734980643
6613;2234;4703;-0.00368729068936545
6614;2234;4704;0.005042373562863514
6615;2235;4662;0.02341571802109335
6616;2235;4704;-0.032752088132978086
6617;2235;4705;0.00933637011188473
6618;2236;4663;0.027745423026716565
6619;2236;4705;-0.007774719921411934
6620;2236;4706;-0.019970703105304636
6621;2237;4664;-0.001969853616629608
6622;2237;4706;-0.00451602239906119
6623;2237;4707;0.006485876015690798
6624;2238;4665;0.024145695300942988
6625;2238;4707;-0.03545018203257152
6626;2238;4708;0.011304486731628597
6627;2239;4666;0.02903410156427401
6628;2239;4708;-0.009081212512708317
6629;2239;4709;-0.019952889051565694
6630;2240;4667;-0.002770732116001539
6631;2240;4709;-0.005470037091757607
6632;2240;4710;0.008240769207759145
6633;2241;4668;0.025105662671811232
6634;2241;4710;-0.03868748471171651
6635;2241;4711;0.013581822039905295
6636;2242;4669;0.030538437078469108
6637;2242;4711;-0.010492099388929836
6638;2242;4712;-0.02004633768953927
6639;2243;4670;-0.003838564178388181
6640;2243;4712;-0.006601602458599596
6641;2243;4713;0.010440166636987776
6642;2244;4671;0.026305864207514247
6643;2244;4713;-0.04267236229562961
6644;2244;4714;0.01636649808811538
6645;2245;4672;0.03231306033484686
6646;2245;4714;-0.01210166086202584
6647;2245;4715;-0.020211399472821023
6648;2246;4673;-0.005329607984214645
6649;2246;4715;-0.007985828212719422
6650;2246;4716;0.013315436196934066
6651;2247;4674;0.027699289939419617
6652;2247;4716;-0.047741076652181566
6653;2247;4717;0.020041786712761935
6654;2248;4675;0.03438667738256773
6655;2248;4717;-0.014075832928043364
6656;2248;4718;-0.020310844454524364
6657;2249;4676;-0.007574088944805647
6658;2249;4718;-0.009719819064769396
6659;2249;4719;0.017293908009575042
6660;2250;4677;0.028979799772659378
6661;2250;4719;-0.05441622273051774
6662;2250;4720;0.025436422957858362
6663;2251;4678;0.03652332003426787
6664;2251;4720;-0.016721596483282215
6665;2251;4721;-0.019801723550985657
6666;2252;4679;-0.01124400937500224
6667;2252;4721;-0.011800678714372393
6668;2252;4722;0.023044688089374633
6669;2253;4680;0.029259703226751917
6670;2253;4722;-0.0629436182617682
6671;2253;4723;0.033683915035016276
6672;2254;4681;0.03752297681332785
6673;2254;4723;-0.020033043624420082
6674;2254;4724;-0.01748993318890777
6675;2255;4682;-0.017489933188907673
6676;2255;4724;-0.013866272822997412
6677;2255;4725;0.03135620601190509
6678;2256;4683;0.027238864328115422
6679;2256;4725;-0.07166562888241505
6680;2256;4726;0.04442676455429963
6681;2257;4684;0.0338221717330109
6682;2257;4726;-0.021513834249619543
6683;2257;4727;-0.012308337483391357
6684;2258;4685;-0.02762675509790375
6685;2258;4727;-0.01508495224196038
6686;2258;4728;0.042711707339864124
6687;2259;4686;0.021074659391217866
6688;2259;4728;-0.07179505078043778
6689;2259;4729;0.05072039138921991
6690;2260;4687;0.022489758481508748
6691;2260;4729;-0.016617353313726574
6692;2261;4688;0.0233126094689463
6693;2261;4730;-0.023996929989969405
6694;2261;4731;0.0006843205210231085
6695;2262;4689;0.02370837646403845
6696;2262;4731;-0.0006748666919147417
6697;2262;4732;-0.023033509772123706
6698;2263;4690;-3.976024079326673e-05
6699;2263;4732;-0.0006580540237010548
6700;2263;4733;0.0006978142644943214
6701;2264;4691;0.023066711881356936
6702;2264;4733;-0.025148480177195072
6703;2264;4734;0.0020817682958381373
6704;2265;4692;0.02424377709356304
6705;2265;4734;-0.0019963920327545027
6706;2265;4735;-0.02224738506080854
6707;2266;4693;-0.00015993278253379132
6708;2266;4735;-0.0012972010321171045
6709;2266;4736;0.001457133814650896
6710;2267;4694;0.02298114482328644
6711;2267;4736;-0.026501752324450237
6712;2267;4737;0.0035206075011638025
6713;2268;4695;0.02491064173762396
6714;2268;4737;-0.0032817135293025067
6715;2268;4738;-0.021628928208321452
6716;2269;4696;-0.0003635136624119082
6717;2269;4738;-0.0019380785499735825
6718;2269;4739;0.0023015922123854897
6719;2270;4697;0.023066413357920257
6720;2270;4739;-0.028076311557504348
6721;2270;4740;0.005009898199584097
6722;2271;4698;0.025705687335068044
6723;2271;4740;-0.00453599305355509
6724;2271;4741;-0.021169694281512955
6725;2272;4699;-0.0006565520578543913
6726;2272;4741;-0.00260186493384621
6727;2272;4742;0.003258416991700601
6728;2273;4700;0.023334403921969574
6729;2273;4742;-0.029902316702715627
6730;2273;4743;0.006567912780746068
6731;2274;4701;0.026633526967310833
6732;2274;4743;-0.005770253803831003
6733;2274;4744;-0.020863273163479832
6734;2275;4702;-0.00104981714892326
6735;2275;4744;-0.0033114907905602694
6736;2275;4745;0.004361307939483531
6737;2276;4703;0.02380061403800021
6738;2276;4745;-0.03202669349268393
6739;2276;4746;0.008226079454683715
6740;2277;4704;0.02770971457011457
6741;2277;4746;-0.007003403521841655
6742;2277;4747;-0.02070631104827292
6743;2278;4705;-0.0015616501904727965
6744;2278;4747;-0.004093693979227974
6745;2278;4748;0.0056553441697007704
6746;2279;4706;0.024486725504365835
6747;2279;4748;-0.03452211476638478
6748;2279;4749;0.010035389262018997
6749;2280;4707;0.02896430601688072
6750;2280;4749;-0.008265213613106878
6751;2280;4750;-0.020699092403773846
6752;2281;4708;-0.002223274218920279
6753;2281;4750;-0.004982517458037654
6754;2281;4751;0.007205791676957932
6755;2282;4709;0.025422926143323303
6756;2282;4751;-0.03750181243443669
6757;2282;4752;0.012078886291113394
6758;2283;4710;0.030446715503957365
6759;2283;4752;-0.009602058026610176
6760;2283;4753;-0.02084465747734719
6761;2284;4711;-0.003089722650975457
6762;2284;4753;-0.006025405363851291
6763;2284;4754;0.009115128014826748
6764;2285;4712;0.026647940148138864
6765;2285;4754;-0.04114663023591275
6766;2285;4755;0.0144986900877739
6767;2286;4713;0.032232195658641834
6768;2286;4755;-0.011089116618270833
6769;2286;4756;-0.021143079040371
6770;2287;4714;-0.00426483722608954
6771;2287;4756;-0.0072941001916587275
6772;2287;4757;0.011558937417748265
6773;2288;4715;0.028197227685540442
6774;2288;4757;-0.04575836049073813
6775;2288;4758;0.017561132805197697
6776;2289;4716;0.03442564045524749
6777;2289;4758;-0.012858571094099392
6778;2289;4759;-0.0215670693611481
6779;2290;4717;-0.005965953784718566
6780;2290;4759;-0.008903172011780015
6781;2290;4760;0.014869125796498583
6782;2291;4718;0.030030663519293743
6783;2291;4760;-0.05187004227938189
6784;2291;4761;0.02183937876008815
6785;2292;4719;0.0371223147209427
6786;2292;4761;-0.015173139014449163
6787;2292;4762;-0.021949175706493497
6788;2293;4720;-0.008714826474576139
6789;2293;4762;-0.01102336696480435
6790;2293;4763;0.019738193439380488
6791;2294;4721;0.03160240226535805
6792;2294;4763;-0.060442650374127035
6793;2294;4764;0.028840248108768986
6794;2295;4722;0.03989893017239372
6795;2295;4764;-0.01864559721819388
6796;2295;4765;-0.02125333295419984
6797;2296;4723;-0.013650871410596191
6798;2296;4765;-0.013587992917519113
6799;2296;4766;0.027238864328115307
6800;2297;4724;0.03135620601190518
6801;2297;4766;-0.07166562888241501
6802;2297;4767;0.04030942287050983
6803;2298;4725;0.04030942287050995
6804;2298;4767;-0.022915317712794467
6805;2298;4768;-0.017394105157715473
6806;2299;4726;-0.022912930304680085
6807;2299;4768;-0.015949327477332527
6808;2299;4769;0.038862257782012605
6809;2300;4727;0.027393289725351738
6810;2300;4769;-0.08121009295813665
6811;2300;4770;0.05381680323278491
6812;2301;4728;0.029083343440573662
6813;2301;4770;-0.020179715781719995
6814;2301;4771;-0.008903627658853634
6815;2302;4729;-0.03410303807549321
6816;2302;4771;-0.014778407541859759
6817;2303;4730;0.023996929989969405
6818;2303;4772;-0.02399692998996941
6819;2304;4731;-9.453829108366909e-06
6820;2304;4772;-0.0003315155227428212
6821;2304;4773;0.00034096935185118804
6822;2305;4732;0.023691563795824773
6823;2305;4773;-0.025035668883949688
6824;2305;4774;0.0013441050881249075
6825;2306;4733;0.024450665912700748
6826;2306;4774;-0.0013081329796554267
6827;2306;4775;-0.023142532933045322
6828;2307;4734;-8.537626308363287e-05
6829;2307;4775;-0.0009761952598266883
6830;2307;4776;0.001061571522910321
6831;2308;4735;0.023544586092925646
6832;2308;4776;-0.02627060257609014
6833;2308;4777;0.002726016483164493
6834;2309;4736;0.02504461850979934
6835;2309;4777;-0.002581426042248088
6836;2309;4778;-0.02246319246755125
6837;2310;4737;-0.00023889397186129728
6838;2310;4778;-0.0016129437779602294
6839;2310;4779;0.0018518377498215263
6840;2311;4738;0.02356700675829503
6841;2311;4779;-0.027718379505587625
6842;2311;4780;0.004151372747292591
6843;2312;4739;0.02577471934511886
6844;2312;4780;-0.0038231755858533535
6845;2312;4781;-0.02195154375926551
6846;2313;4740;-0.0004739051460290066
6847;2313;4781;-0.0022619015553658915
6848;2313;4782;0.0027358067013948982
6849;2314;4741;0.023771559215359166
6850;2314;4782;-0.029404205390763202
6851;2314;4783;0.005632646175404035
6852;2315;4742;0.026643899711015023
6853;2315;4783;-0.005041162289799277
6854;2315;4784;-0.021602737421215743
6855;2316;4743;-0.0007976589769150683
6856;2316;4784;-0.0029444603719237326
6857;2316;4785;0.003742119348838803
6858;2317;4744;0.0241747639540401
6859;2317;4785;-0.03136715220261247
6860;2317;4786;0.007192388248572422
6861;2318;4745;0.027665385553200396
6862;2318;4786;-0.006249631450030463
6863;2318;4787;-0.021415754103169937
6864;2319;4746;-0.0012226759328420617
6865;2319;4787;-0.0036849127703901087
6866;2319;4788;0.004907588703232168
6867;2320;4747;0.024800005027500894
6868;2320;4788;-0.033667818703619914
6869;2320;4789;0.008867813676119012
6870;2321;4748;0.028866770596684018
6871;2321;4789;-0.007471698272828786
6872;2321;4790;-0.02139507232385523
6873;2322;4749;-0.0017701756489121151
6874;2322;4790;-0.004513309218750863
6875;2322;4791;0.006283484867662974
6876;2323;4750;0.025681609861811498
6877;2323;4791;-0.03640065802218547
6878;2323;4792;0.010719048160373919
6879;2324;4751;0.03029602075747876
6880;2324;4792;-0.008743527785317675
6881;2324;4793;-0.02155249297216108
6882;2325;4752;-0.002476828264503216
6883;2325;4793;-0.005470577588451412
6884;2325;4794;0.007947405852954628
6885;2326;4753;0.02687006284119848
6886;2326;4794;-0.03971620484315103
6887;2326;4795;0.012846142001952561
6888;2327;4754;0.032031502221086
6889;2327;4795;-0.010122897524722846
6890;2327;4796;-0.02190860469636316
6891;2328;4755;-0.003409573469503067
6892;2328;4796;-0.0066182470171273905
6893;2328;4797;0.010027820486630458
6894;2329;4756;0.02843717923202973
6895;2329;4797;-0.04386536327843128
6896;2329;4798;0.01542818404640149
6897;2330;4757;0.03419942307298986
6898;2330;4798;-0.011708489954559056
6899;2330;4799;-0.022490933118430805
6900;2331;4758;-0.004702561711098305
6901;2331;4799;-0.008058257219204636
6902;2331;4800;0.012760818930302953
6903;2332;4759;0.03047024137292812
6904;2332;4800;-0.049297115996699545
6905;2332;4801;0.018826874623771406
6906;2333;4760;0.03700091648288331
6907;2333;4801;-0.013689076347907694
6908;2333;4802;-0.023311840134975614
6909;2334;4761;-0.006666239745638999
6910;2334;4802;-0.009975193413195124
6911;2334;4803;0.016641433158834106
6912;2335;4762;0.032972542671297844
6913;2335;4803;-0.05690094209835435
6914;2335;4804;0.023928399427056508
6915;2336;4763;0.04070445693474655
6916;2336;4804;-0.016497192416382752
6917;2336;4805;-0.024207264518363802
6918;2337;4764;-0.010194650890575144
6919;2337;4805;-0.012706344225717092
6920;2337;4806;0.022900995116292226
6921;2338;4765;0.03484132587171895
6922;2338;4806;-0.06866349760472983
6923;2338;4807;0.03382217173301087
6924;2339;4766;0.0444267645542997
6925;2339;4807;-0.021513834249619543
6926;2339;4808;-0.022912930304680165
6927;2340;4767;-0.017394105157715386
6928;2340;4808;-0.015949327477332523
6929;2340;4809;0.03334343263504792
6930;2341;4768;0.033343432635048
6931;2341;4809;-0.08420585992266522
6932;2341;4810;0.05086242728761721
6933;2342;4769;0.04234783517612407
6934;2342;4810;-0.026511380054753786
6935;2342;4811;-0.015836455121370278
6936;2343;4770;-0.033637087451064925
6937;2343;4811;-0.018981793983318947
6938;2343;4812;0.05261888143438388
6939;2344;4771;0.02368203520071334
6940;2344;4812;-0.08396345575940867
6941;2345;4772;0.02432844551271223
6942;2345;4813;-0.02497895147483716
6943;2345;4814;0.0006505059621249264
6944;2346;4773;0.024694699532098498
6945;2346;4814;-0.0006419913727305916
6946;2346;4815;-0.024052708159367907
6947;2347;4774;-3.597210846948088e-05
6948;2347;4815;-0.0006526075648966353
6949;2347;4816;0.000688579673366116
6950;2348;4775;0.02411872819287201
6951;2348;4816;-0.02609658695202252
6952;2348;4817;0.001977858759150503
6953;2349;4776;0.025209031053179818
6954;2349;4817;-0.0019010102545595224
6955;2349;4818;-0.023308020798620294
6956;2350;4777;-0.00014459044091640551
6957;2350;4818;-0.0012883396791845223
6958;2350;4819;0.0014329301201009277
6959;2351;4778;0.02407613624551148
6960;2351;4819;-0.02741955679684968
6961;2351;4820;0.0033434205513382005
6962;2352;4779;0.025866541755766095
6963;2352;4820;-0.0031286636847335
6964;2352;4821;-0.0227378780710326
6965;2353;4780;-0.000328197161439238
6966;2353;4821;-0.0019262936419433265
6967;2353;4822;0.0022544908033825645
6968;2354;4781;0.024213445314631404
6969;2354;4822;-0.028968727149895658
6970;2354;4823;0.004755281835264254
6971;2355;4782;0.0266683986893683
6972;2355;4823;-0.004330169550660221
6973;2355;4824;-0.02233822913870808
6974;2356;4783;-0.0005914838856047581
6975;2356;4824;-0.0025863762051662395
6976;2356;4825;0.0031778600907709977
6977;2357;4784;0.024547197793139477
6978;2357;4825;-0.03077624777576061
6979;2357;4826;0.006229049982621127
6980;2358;4785;0.027625032853773664
6981;2358;4826;-0.005515828774740749
6982;2358;4827;-0.022109204079032916
6983;2359;4786;-0.0009427567985419606
6984;2359;4827;-0.0032905761579925153
6985;2359;4828;0.004233332956534476
6986;2360;4787;0.025100666873560048
6987;2360;4828;-0.03289190673131161
6988;2360;4829;0.007791239857751567
6989;2361;4788;0.028760230000387747
6990;2361;4829;-0.00670305407600956
6991;2361;4830;-0.02205717592437819
6992;2362;4789;-0.001396115403290227
6993;2362;4830;-0.004065156702536824
6994;2362;4831;0.005461272105827052
6995;2363;4790;0.025908381542606086
6996;2363;4831;-0.03539307918683719
6997;2363;4832;0.009484697644231106
6998;2364;4791;0.030117173154522503
6999;2364;4832;-0.007919393601065675
7000;2364;4833;-0.02219777955345683
7001;2365;4792;-0.0019755203750562444
7002;2365;4833;-0.004944585077223555
7003;2365;4834;0.0069201054522798
7004;2366;4793;0.027023070560612497
7005;2366;4834;-0.038402109075548564
7006;2366;4835;0.011379038514936064
7007;2367;4794;0.031768798990196405
7008;2367;4835;-0.0092082999822719
7009;2367;4836;-0.022560499007924506
7010;2368;4795;-0.0027232444772297168
7011;2368;4836;-0.005979013854609861
7012;2368;4837;0.008702258331839578
7013;2369;4796;0.028526851713490543
7014;2369;4837;-0.04212009146785397
7015;2369;4838;0.013593239754363422
7016;2370;4797;0.03383754279180082
7017;2370;4838;-0.0106415373117209
7018;2370;4839;-0.02319600548007992
7019;2371;4798;-0.0037196940918424325
7020;2371;4839;-0.007249841784935293
7021;2371;4840;0.010969535876777726
7022;2372;4799;0.030549190337635444
7023;2372;4840;-0.04690014073440091
7024;2372;4841;0.016350950396765464
7025;2373;4800;0.03653629706639659
7026;2373;4841;-0.012348960629905167
7027;2373;4842;-0.024187336436491423
7028;2374;4801;-0.005137798275863709
7029;2374;4842;-0.008906023703923913
7030;2374;4843;0.014043821979787624
7031;2375;4802;0.03328703354817074
7032;2375;4843;-0.05342948034234227
7033;2375;4844;0.02014244679417153
7034;2376;4803;0.04025950893952024
7035;2376;4844;-0.014602802279466746
7036;2376;4845;-0.025656706660053433
7037;2377;4804;-0.007431207010673757
7038;2377;4845;-0.011261535299521038
7039;2377;4846;0.01869274231019473
7040;2378;4805;0.036913608744080895
7041;2378;4846;-0.06327971116162404
7042;2378;4847;0.026366102417543138
7043;2379;4806;0.04576250248843759
7044;2379;4847;-0.018135747390533793
7045;2379;4848;-0.0276267550979038
7046;2380;4807;-0.012308337483391316
7047;2380;4848;-0.015084952241960364
7048;2380;4849;0.027393289725351683
7049;2381;4808;0.03886225778201269
7050;2381;4849;-0.08121009295813664
7051;2381;4850;0.04234783517612395
7052;2382;4809;0.050862427287617286
7053;2382;4850;-0.026511380054753758
7054;2382;4851;-0.024351047232863535
7055;2383;4810;-0.024351047232863427
7056;2383;4851;-0.019301161179768725
7057;2383;4852;0.04365220841263216
7058;2384;4811;0.034818249104689225
7059;2384;4852;-0.10448883000319234
7060;2384;4853;0.06967058089850311
7061;2385;4812;0.03134457432502468
7062;2385;4853;-0.022625621814298662
7063;2386;4813;0.02497895147483716
7064;2386;4854;-0.024978951474837155
7065;2387;4814;-8.514589394334825e-06
7066;2387;4854;-0.0003269539830419071
7067;2387;4855;0.00033546857243624186
7068;2388;4815;0.024705315724264525
7069;2388;4855;-0.02598027534711351
7070;2388;4856;0.0012749596228489824
7071;2389;4816;0.025408007278656403
7072;2389;4856;-0.0012427235640698165
7073;2389;4857;-0.024165283714586587
7074;2390;4817;-7.684850459098093e-05
7075;2390;4857;-0.0009643732401959417
7076;2390;4858;0.0010412217447869226
7077;2391;4818;0.02459636047780482
7078;2391;4858;-0.027180517448131464
7079;2391;4859;0.002584156970326648
7080;2392;4819;0.025986626676748753
7081;2392;4859;-0.002454727679792544
7082;2392;4860;-0.023531898996956208
7083;2393;4820;-0.00021475686660470128
7084;2393;4860;-0.001594863614411465
7085;2393;4861;0.0018096204810161664
7086;2394;4821;0.024664171712975927
7087;2394;4861;-0.02859670052613339
7088;2394;4862;0.003932528813157464
7089;2395;4822;0.02671423634651309
7090;2395;4862;-0.003639336097406682
7091;2395;4863;-0.023074900249106405
7092;2396;4823;-0.0004251122846040319
7093;2396;4863;-0.0022369376281064493
7094;2396;4864;0.0026620499127104815
7095;2397;4824;0.02492460534387432
7096;2397;4864;-0.03025498832887634
7097;2397;4865;0.005330382985002016
7098;2398;4825;0.027598387684989612
7099;2398;4865;-0.004803643375643427
7100;2398;4866;-0.022794744309346186
7101;2399;4826;-0.0007132212078803722
7102;2399;4866;-0.0029105101397307043
7103;2399;4867;0.0036237313476110756
7104;2400;4827;0.02539978023702543
7105;2400;4867;-0.03219581113084825
7106;2400;4868;0.006796030893822817
7107;2401;4828;0.02865857377477713
7108;2401;4868;-0.005960318641537076
7109;2401;4869;-0.022698255133240055
7110;2402;4829;-0.00108818578174201
7111;2402;4869;-0.0036385087398624243
7112;2402;4870;0.004726694521604431
7113;2403;4830;0.02612233262691501
7114;2403;4870;-0.034481746883211255
7115;2403;4871;0.008359414256296244
7116;2404;4831;0.02993180708101014
7117;2404;4871;-0.007129848559686354
7118;2404;4872;-0.022801958521323787
7119;2405;4832;-0.0015653040431654309
7120;2405;4872;-0.004449720963970687
7121;2405;4873;0.00601502500713612
7122;2406;4833;0.02714236463068038
7123;2406;4873;-0.03721078268273048
7124;2406;4874;0.010068418052050096
7125;2407;4834;0.031482003623268764
7126;2407;4874;-0.00834436062348821
7127;2407;4875;-0.023137642999780557
7128;2408;4835;-0.002170738532664162
7129;2408;4875;-0.00538410816593298
7130;2408;4876;0.007554846698597143
7131;2409;4836;0.028539512862534366
7132;2409;4876;-0.04054109309238394
7133;2409;4877;0.012001580229849578
7134;2410;4837;0.03341783313601439
7135;2410;4877;-0.00965534399663711
7136;2410;4878;-0.023762489139377282
7137;2411;4838;-0.0029517024426425195
7138;2411;4878;-0.006503580924904709
7139;2411;4879;0.009455283367547229
7140;2412;4839;0.03044584726501521
7141;2412;4879;-0.04474259902499802
7142;2412;4880;0.014296751759982807
7143;2413;4840;0.035930604857623186
7144;2413;4880;-0.011151007716314453
7145;2413;4881;-0.024779597141308736
7146;2414;4841;-0.004001989766860292
7147;2414;4881;-0.007916565911592488
7148;2414;4882;0.01191855567845278
7149;2415;4842;0.03309336014041534
7150;2415;4882;-0.05031887026167582
7151;2415;4883;0.01722551012126048
7152;2416;4843;0.03938565836255464
7153;2416;4883;-0.013000733833174242
7154;2416;4884;-0.026384924529380398
7155;2417;4844;-0.005539644514704784
7156;2417;4884;-0.009843926636182757
7157;2417;4885;0.01538357115088754
7158;2418;4845;0.036918241959574466
7159;2418;4885;-0.058351439727848106
7160;2418;4886;0.021433197768273633
7161;2419;4846;0.04458696885142929
7162;2419;4886;-0.01559475268432536
7163;2419;4887;-0.028992216167103936
7164;2420;4847;-0.008230355027009343
7165;2420;4887;-0.012844304364208609
7166;2420;4888;0.02107465939121795
7167;2421;4848;0.042711707339864166
7168;2421;4888;-0.07179505078043767
7169;2421;4889;0.029083343440573506
7170;2422;4849;0.05381680323278495
7171;2422;4889;-0.020179715781719898
7172;2422;4890;-0.03363708745106503
7173;2423;4850;-0.01583645512137019
7174;2423;4890;-0.018981793983318937
7175;2423;4891;0.03481824910468913
7176;2424;4851;0.04365220841263226
7177;2424;4891;-0.10448883000319226
7178;2424;4892;0.06083662159056
7179;2425;4852;0.06083662159056018
7180;2425;4892;-0.03748876853668191
7181;2425;4893;-0.023347853053878282
7182;2426;4853;-0.04704495908420443
7183;2426;4893;-0.027077925717698438
7184;2427;4854;0.025305905457879065
7185;2427;4895;0.00061608718916589
7186;2427;4894;-0.025921992647045082
7187;2428;4855;0.025644806774677266
7188;2428;4895;-0.0006084915056871137
7189;2428;4896;-0.025036315268990115
7190;2429;4856;-3.223605877916635e-05
7191;2429;4896;-0.0006412985205102547
7192;2429;4897;0.0006735345792894199
7193;2430;4857;0.025129656954782545
7194;2430;4897;-0.027001454142191718
7195;2430;4898;0.0018717971874091738
7196;2431;4858;0.02613929570334455
7197;2431;4898;-0.0018033002116822038
7198;2431;4899;-0.02433599549166232
7199;2432;4859;-0.00012942929053410342
7200;2432;4899;-0.0012674377399727712
7201;2432;4900;0.001396867030506875
7202;2433;4860;0.025126762611367683
7203;2433;4900;-0.028288204134301966
7204;2433;4901;0.0031614415229342836
7205;2434;4861;0.02678708004511719
7206;2434;4901;-0.0029703665051417968
7207;2434;4902;-0.023816713539975456
7208;2435;4862;-0.00029319271575078227
7209;2435;4902;-0.0018956303263067274
7210;2435;4903;0.0021888230420575084
7211;2436;4863;0.025311837877212827
7212;2436;4903;-0.029803240588602675
7213;2436;4904;0.004491402711389842
7214;2437;4864;0.027592938416165863
7215;2437;4904;-0.0041142809910013475
7216;2437;4905;-0.023478657425164532
7217;2438;4865;-0.0005267396093585894
7218;2438;4905;-0.0025439575525055044
7219;2438;4906;0.0030706971618640953
7220;2439;4866;0.025705254449076904
7221;2439;4906;-0.03157904194685453
7222;2439;4907;0.005873787497777632
7223;2440;4867;0.028572079783237232
7224;2440;4907;-0.0052438625693180235
7225;2440;4908;-0.02332821721391922
7226;2441;4868;-0.0008357122522857409
7227;2441;4908;-0.003232514578909926
7228;2441;4909;0.00406822683119566
7229;2442;4869;0.02633676387310246
7230;2442;4909;-0.033665712099909505
7231;2442;4910;0.007328948226807075
7232;2443;4870;0.029755052361606846
7233;2443;4910;-0.00637390886478024
7234;2443;4911;-0.023381143496826746
7235;2444;4871;-0.0012295656966098897
7236;2444;4911;-0.003985384054385876
7237;2444;4912;0.0052149497509957655
7238;2445;4872;0.027251679485294472
7239;2445;4912;-0.03614097097250646
7240;2445;4913;0.008889291487212014
7241;2446;4873;0.031195757675594328
7242;2446;4913;-0.007527742478170226
7243;2446;4914;-0.0236680151974241
7244;2447;4874;-0.0017240574285618858
7245;2447;4914;-0.004834210916880652
7246;2447;4915;0.006558268345442544
7247;2448;4875;0.02852175116571353
7248;2448;4915;-0.039127994645531475
7249;2448;4916;0.010606243479817958
7250;2449;4876;0.032986246393786785
7251;2449;4916;-0.008741911887486173
7252;2449;4917;-0.024244334506300546
7253;2450;4877;-0.002346236233212471
7254;2450;4917;-0.005825136782752349
7255;2450;4918;0.008171373015964819
7256;2451;4878;0.030266070064281995
7257;2451;4918;-0.04283069797003043
7258;2451;4919;0.01256462790574853
7259;2452;4879;0.035287315657450774
7260;2452;4919;-0.010076047838882668
7261;2452;4920;-0.02521126781856813
7262;2453;4880;-0.0031457440436683556
7263;2453;4920;-0.007033690883522587
7264;2453;4921;0.010179434927190943
7265;2454;4881;0.03269616305290124
7266;2454;4921;-0.047612057877420205
7267;2454;4922;0.01491589482451898
7268;2455;4882;0.038400314583222975
7269;2455;4922;-0.011635914097688976
7270;2455;4923;-0.026764400485533954
7271;2456;4883;-0.004224776288086238
7272;2456;4923;-0.008601718869554163
7273;2456;4924;0.012826495157640404
7274;2457;4884;0.036228851165563146
7275;2457;4924;-0.05419645220975135
7276;2457;4925;0.017967601044188243
7277;2458;4885;0.04296786857696047
7278;2458;4925;-0.013636111639808782
7279;2458;4926;-0.029331756937151718
7280;2459;4886;-0.005838445083948273
7281;2459;4926;-0.010850657889120981
7282;2459;4927;0.016689102973069265
7283;2460;4887;0.04183652053131253
7284;2460;4927;-0.06432627901282165
7285;2460;4928;0.02248975848150908
7286;2461;4888;0.050720391389219716
7287;2461;4928;-0.016617353313726716
7288;2461;4929;-0.03410303807549304
7289;2462;4889;-0.008903627658853592
7290;2462;4929;-0.014778407541859728
7291;2462;4930;0.02368203520071333
7292;2463;4890;0.052618881434383986
7293;2463;4930;-0.08396345575940853
7294;2463;4931;0.031344574325024646
7295;2464;4891;0.06967058089850311
7296;2464;4931;-0.02262562181429864
7297;2464;4932;-0.047044959084204516
7298;2465;4892;-0.02334785305387808
7299;2465;4932;-0.02707792571769831
7300;2465;4933;0.05042577877157642
7301;2466;4893;0.05042577877157671
7302;2466;4933;-0.17486886864411422
