vertex_index;vertex_x;vertex_y;ldos
0;44.0;-65.81793068761733;0.00010603231399879444
1;45.5;-63.21985447626401;0.00030168998992487266
2;44.0;-64.08587988004845;0.00010603231399879523
3;42.5;-64.95190528383289;0.00010603231399879366
4;41.0;-65.81793068761732;0.00030214185715232646
5;47.0;-60.62177826491071;0.0005190257221121683
6;45.5;-61.48780366869514;0.000301689989924874
7;44.0;-62.353829072479584;5.001355232814117e-05
8;42.5;-63.219854476264025;0.0004241292559951778
9;41.0;-64.08587988004845;5.019763410013379e-05
10;39.5;-64.95190528383289;0.00030214185715232505
11;38.0;-65.81793068761733;0.000520801916241228
12;48.5;-58.023702053557386;0.0007415490458219393
13;47.0;-58.88972745734183;0.00051902572211217
14;45.5;-59.75575286112626;2.9299601827575614e-05
15;44.0;-60.6217782649107;0.0005973747705072337
16;42.5;-61.48780366869514;0.00018285456112745113
17;41.0;-62.35382907247958;0.00018250307198850891
18;39.5;-63.21985447626402;0.0005986466685061252
19;38.0;-64.08587988004845;2.9581162271465708e-05
20;36.5;-64.95190528383289;0.0005208019162412263
21;35.0;-65.81793068761733;0.0007457847457043452
22;50.0;-55.42562584220408;0.0009645169972909474
23;48.5;-56.29165124598852;0.0007415490458219414
24;47.0;-57.15767664977296;1.9795933509016652e-05
25;45.5;-58.02370205355739;0.0007949606579546143
26;44.0;-58.889727457341834;0.00036207775166325896
27;42.5;-59.755752861126275;0.0001192219141582625
28;41.0;-60.62177826491071;0.0007307150971583439
29;39.5;-61.48780366869515;0.00012007529373979507
30;38.0;-62.35382907247959;0.00036208002038380063
31;36.5;-63.219854476264025;0.0007986242998730614
32;35.0;-64.08587988004847;2.0141918418930556e-05
33;33.5;-64.9519052838329;0.0007457847457043431
34;32.0;-65.81793068761733;0.0009725336033947168
35;51.5;-52.82754963085076;0.0011860963509468996
36;50.0;-53.693575034635195;0.0009645169972909496
37;48.5;-54.559600438419636;1.4632734915197755e-05
38;47.0;-55.42562584220408;0.0010036642365497427
39;45.5;-56.29165124598851;0.0005638622844165923
40;44.0;-57.15767664977295;8.402849784081587e-05
41;42.5;-58.02370205355739;0.0008968359584719429
42;41.0;-58.88972745734183;0.0002596243735133544
43;39.5;-59.75575286112627;0.00025836881826124937
44;38.0;-60.62177826491071;0.0008991774468930489
45;36.5;-61.48780366869514;8.5221353814276e-05
46;35.0;-62.353829072479584;0.0005651064028271143
47;33.5;-63.219854476264025;0.0010110514120053237
48;32.0;-64.08587988004845;1.5026564234637953e-05
49;30.5;-64.95190528383289;0.0009725336033947145
50;29.0;-65.81793068761733;0.0011993446456380807
51;53.0;-50.22947341949744;0.0014052091494737493
52;51.5;-51.09549882328188;0.0011860963509469022
53;50.0;-51.96152422706631;1.1445200650515452e-05
54;48.5;-52.827549630850754;0.0012167504185903496
55;47.0;-53.693575034635195;0.0007759224454330456
56;45.5;-54.55960043841963;6.296225286985599e-05
57;44.0;-55.42562584220407;0.0010832320311581621
58;42.5;-56.29165124598851;0.00043182974557025837
59;41.0;-57.157676649772945;0.00019138940430686515
60;39.5;-58.023702053557386;0.0010359848618870183
61;38.0;-58.88972745734183;0.0001935557789752617
62;36.5;-59.75575286112626;0.0004307594981158619
63;35.0;-60.6217782649107;0.0010892315397102643
64;33.5;-61.48780366869514;6.440171477978368e-05
65;32.0;-62.35382907247958;0.0007795612101811851
66;30.5;-63.21985447626402;0.0012293355895543658
67;29.0;-64.08587988004845;1.1875499095139004e-05
68;27.5;-64.95190528383289;0.0011993446456380781
69;26.0;-65.81793068761732;0.001425216154133128
70;54.5;-47.63139720814413;0.001620968756249257
71;53.0;-48.49742261192857;0.001405209149473752
72;51.5;-49.36344801571301;9.280369243176424e-06
73;50.0;-50.229473419497445;0.0014305661059038806
74;48.5;-51.095498823281886;0.000992179071665362
75;47.0;-51.96152422706633;4.937261931152222e-05
76;45.5;-52.82754963085076;0.0012809427271486767
77;44.0;-53.6935750346352;0.0006238812397240968
78;42.5;-54.55960043841964;0.000147184863539834
79;41.0;-55.42562584220408;0.0011981891935026212
80;39.5;-56.29165124598852;0.00033680921952410585
81;38.0;-57.15767664977296;0.00033394953561587045
82;36.5;-58.02370205355739;0.0012018132951268842
83;35.0;-58.889727457341834;0.0001500321605198615
84;33.5;-59.755752861126275;0.0006239224694400723
85;32.0;-60.62177826491071;0.00129209272183447
86;30.5;-61.48780366869515;5.099757872155656e-05
87;29.0;-62.35382907247959;0.0009995586632002627
88;27.5;-63.219854476264025;0.0014499066860717245
89;26.0;-64.08587988004847;9.73739209223967e-06
90;24.5;-64.9519052838329;0.0014252161541331255
91;23.0;-65.81793068761733;0.0016492851938230085
92;56.0;-45.03332099679081;0.0018325283231372233
93;54.5;-45.89934640057525;0.0016209687562492596
94;53.0;-46.76537180435969;7.701384500725668e-06
95;51.5;-47.63139720814413;0.0016428826864869496
96;50.0;-48.49742261192856;0.0012094018467474284
97;48.5;-49.363448015713004;3.9992357059616357e-05
98;47.0;-50.229473419497445;0.0014842094802190629
99;45.5;-51.09549882328188;0.0008273501483505323
100;44.0;-51.96152422706632;0.00011691330173417932
101;42.5;-52.82754963085076;0.0013771217942160172
102;41.0;-53.693575034635195;0.0005054804615422005
103;39.5;-54.559600438419636;0.00026446912630274683
104;38.0;-55.42562584220408;0.0013415114143258162
105;36.5;-56.29165124598851;0.00026872693258579846
106;35.0;-57.15767664977295;0.0005025854360782246
107;33.5;-58.02370205355739;0.0013858645451826936
108;32.0;-58.88972745734183;0.00012028059868853753
109;30.5;-59.75575286112627;0.0008296953247438193
110;29.0;-60.62177826491071;0.0015021094353038131
111;27.5;-61.48780366869514;4.175540918786214e-05
112;26.0;-62.353829072479584;0.0012220030892799714
113;24.5;-63.219854476264025;0.0016705624468126565
114;23.0;-64.08587988004845;8.175924254902471e-06
115;21.5;-64.95190528383289;0.0016492851938230049
116;20.0;-65.81793068761733;0.0018706781709202395
117;57.5;-42.43524478543749;0.0020390454369439946
118;56.0;-43.30127018922193;0.0018325283231372265
119;54.5;-44.167295593006365;6.486109431622755e-06
120;53.0;-45.033320996790806;0.0018521311320262137
121;51.5;-45.89934640057525;0.0014256176623109948
122;50.0;-46.76537180435968;3.3131926491214245e-05
123;48.5;-47.63139720814412;0.0016892434074379384
124;47.0;-48.49742261192856;0.0010369358504329408
125;45.5;-49.363448015713;9.52916541201977e-05
126;44.0;-50.22947341949744;0.001566286721462635
127;42.5;-51.09549882328188;0.0006915293804518189
128;41.0;-51.96152422706631;0.00021394032458086083
129;39.5;-52.827549630850754;0.0015012059752418005
130;38.0;-53.693575034635195;0.00041469828747121997
131;36.5;-54.55960043841963;0.00040940489068112866
132;35.0;-55.42562584220407;0.0015063177906837442
133;33.5;-56.29165124598851;0.0002193000937001954
134;32.0;-57.157676649772945;0.0006895849998627364
135;30.5;-58.023702053557386;0.0015817868140927422
136;29.0;-58.88972745734183;9.905472860644905e-05
137;27.5;-59.75575286112626;0.0010429808494746265
138;26.0;-60.6217782649107;0.0017155338365362814
139;24.5;-61.48780366869514;3.4991410481763933e-05
140;23.0;-62.35382907247958;0.0014450001240627081
141;21.5;-63.21985447626402;0.0018897060820226956
142;20.0;-64.08587988004845;6.969308553196627e-06
143;18.5;-64.95190528383289;0.0018706781709202356
144;17.0;-65.81793068761732;0.002088481154904951
145;59.0;-39.83716857408418;0.0022396817939648547
146;57.5;-40.70319397786862;0.0020390454369439972
147;56.0;-41.56921938165306;5.511931623951299e-06
148;54.5;-42.4352447854375;0.0020570601088884333
149;53.0;-43.30127018922194;0.00163940843502856
150;51.5;-44.16729559300638;2.7868270543985833e-05
151;50.0;-45.03332099679081;0.0018934147914226364
152;48.5;-45.899346400575254;0.0012492246670121497
153;47.0;-46.765371804359695;7.919074313954536e-05
154;45.5;-47.63139720814413;0.0017609129025203207
155;44.0;-48.49742261192857;0.0008889101349654902
156;42.5;-49.36344801571301;0.00017634231048399953
157;41.0;-50.229473419497445;0.0016747447406631464
158;39.5;-51.095498823281886;0.000581711707786654
159;38.0;-51.96152422706633;0.00033787061658967064
160;36.5;-52.82754963085076;0.0016481893558007938
161;35.0;-53.6935750346352;0.0003451255077701714
162;33.5;-54.55960043841964;0.0005761212421283537
163;32.0;-55.42562584220408;0.0016866409809315772
164;30.5;-56.29165124598852;0.00018256693079475532
165;29.0;-57.15767664977296;0.0008891763013674338
166;27.5;-58.02370205355739;0.001784879836004977
167;26.0;-58.889727457341834;8.32435310562744e-05
168;24.5;-59.755752861126275;0.0012605091302643338
169;23.0;-60.62177826491071;0.0019297140822882024
170;21.5;-61.48780366869515;2.978531567677032e-05
171;20.0;-62.35382907247959;0.0016671546310749815
172;18.5;-63.219854476264025;0.0021060097651238664
173;17.0;-64.08587988004847;5.9954755103658555e-06
174;15.5;-64.9519052838329;0.002088481154904947
175;14.0;-65.81793068761733;0.0023017497901024033
176;60.5;-37.239092362730865;0.0024336131315429135
177;59.0;-38.1051177665153;0.0022396817939648573
178;57.5;-38.97114317029974;4.706668398379838e-06
179;56.0;-39.83716857408418;0.002256586413998666
180;54.5;-40.703193977868615;0.0018496084317286253
181;53.0;-41.569219381653056;2.3670322466505703e-05
182;51.5;-42.4352447854375;0.002094769291704603
183;50.0;-43.30127018922193;0.0014618651883075745
184;48.5;-44.16729559300637;6.673278733384216e-05
185;47.0;-45.03332099679081;0.0019574687615582145
186;45.5;-45.89934640057525;0.0010932489038135082
187;44.0;-46.76537180435969;0.00014758937466228283
188;42.5;-47.63139720814413;0.0018570919923589844
189;41.0;-48.49742261192856;0.0007642046158498147
190;39.5;-49.363448015713004;0.0002824061722938184
191;38.0;-50.229473419497445;0.001806246394669708
192;36.5;-51.09549882328188;0.000493579146515713
193;35.0;-51.96152422706632;0.00048489557395399425
194;33.5;-52.82754963085076;0.0018130631799484081
195;32.0;-53.693575034635195;0.000291255492704811
196;30.5;-54.559600438419636;0.000759388345776381
197;29.0;-55.42562584220408;0.0018775575737473578
198;27.5;-56.29165124598851;0.0001544745443580342
199;26.0;-57.15767664977295;0.0010972026187084738
200;24.5;-58.02370205355739;0.001991608296263691
201;23.0;-58.88972745734183;7.097829140643419e-05
202;21.5;-59.75575286112627;0.0014800115749418472
203;20.0;-60.62177826491071;0.0021426157346000844
204;18.5;-61.48780366869514;2.5608428363070722e-05
205;17.0;-62.353829072479584;0.0018872695739376266
206;15.5;-63.219854476264025;0.0023182750899103967
207;14.0;-64.08587988004845;5.183141420581589e-06
208;12.5;-64.95190528383289;0.0023017497901023994
209;11.0;-65.81793068761733;0.0025095342155072504
210;62.0;-34.64101615137754;0.002620040554445582
211;60.5;-35.50704155516198;0.0024336131315429166
212;59.0;-36.37306695894642;4.025593258680231e-06
213;57.5;-37.23909236273086;0.0024497314877824712
214;56.0;-38.1051177665153;0.0020551765720153653
215;54.5;-38.97114317029973;2.0218214244338e-05
216;53.0;-39.837168574084174;0.0022917561276134995
217;51.5;-40.703193977868615;0.0016730909209987533
218;50.0;-41.56921938165305;5.67657367141236e-05
219;48.5;-42.43524478543749;0.0021532717744262735
220;47.0;-43.30127018922193;0.0013013534415342177
221;45.5;-44.167295593006365;0.00012496950271472147
222;44.0;-45.033320996790806;0.002044210974213111
223;42.5;-45.89934640057525;0.0009576149014278085
224;41.0;-46.76537180435968;0.00023869444031046028
225;39.5;-47.63139720814412;0.0019757310180631297
226;38.0;-48.49742261192856;0.0006602336780682831
227;36.5;-49.363448015713;0.00041141292326722927
228;35.0;-50.22947341949744;0.0019569109085605997
229;33.5;-51.09549882328188;0.00042270270604553893
230;32.0;-51.96152422706631;0.0006509575891219087
231;30.5;-52.827549630850754;0.0019912309462035787
232;29.0;-53.693575034635195;0.00024881247264274845
233;27.5;-54.55960043841963;0.0009549344424777826
234;26.0;-55.42562584220407;0.002075060122796508
235;24.5;-56.29165124598851;0.0001323279787102
236;23.0;-57.157676649772945;0.0013106266046399703
237;21.5;-58.023702053557386;0.002199214188172503
238;20.0;-58.88972745734183;6.111297552015057e-05
239;18.5;-59.75575286112626;0.001699741413871601
240;17.0;-60.6217782649107;0.0023525597403157516
241;15.5;-61.48780366869514;2.21441134797435e-05
242;14.0;-62.35382907247958;0.002104223675269965
243;12.5;-63.21985447626402;0.0025253847081410223
244;11.0;-64.08587988004845;4.488876295897706e-06
245;9.5;-64.95190528383289;0.0025095342155072465
246;8.0;-65.81793068761732;0.0027109097137458945
247;63.5;-32.04293994002423;0.002798199283162896
248;62.0;-32.908965343808674;0.0026200405544455846
249;60.5;-33.774990747593115;3.4397901326992815e-06
250;59.0;-34.64101615137755;0.002635595655638331
251;57.5;-35.50704155516199;0.0022551456759024383
252;56.0;-36.37306695894643;1.731148193173758e-05
253;54.5;-37.239092362730865;0.002483080941251266
254;53.0;-38.105117766515306;0.001881462012724914
255;51.5;-38.97114317029975;4.8564949348510006e-05
256;50.0;-39.83716857408418;0.0023462144717144705
257;48.5;-40.70319397786862;0.0015108034770115262
258;47.0;-41.56921938165306;0.00010668995122903354
259;45.5;-42.4352447854375;0.0022328698863288707
260;44.0;-43.30127018922194;0.0011583114866202102
261;42.5;-44.16729559300638;0.00020356435064456286
262;41.0;-45.03332099679081;0.0021525046208089567
263;39.5;-45.899346400575254;0.0008409684920865573
264;38.0;-46.765371804359695;0.00035171938800059385
265;36.5;-47.63139720814413;0.0021140067454959587
266;35.0;-48.49742261192857;0.0005737782765805473
267;33.5;-49.36344801571301;0.0005606122000507771
268;32.0;-50.229473419497445;0.0021227771322122274
269;30.5;-51.095498823281886;0.00036516688753588695
270;29.0;-51.96152422706633;0.0008322890434985911
271;27.5;-52.82754963085076;0.0021786307027477957
272;26.0;-53.6935750346352;0.00021464635841208387
273;24.5;-54.55960043841964;0.001159364224389774
274;23.0;-55.42562584220408;0.002275859306438733
275;21.5;-56.29165124598852;0.00011434458499802486
276;20.0;-57.15767664977296;0.0015271136263234778
277;18.5;-58.02370205355739;0.0024054511793822763
278;17.0;-58.889727457341834;5.2929593943568055e-05
279;15.5;-59.755752861126275;0.0019182157384740617
280;14.0;-60.62177826491071;0.0025580906992001082
281;12.5;-61.48780366869515;1.9196561443206085e-05
282;11.0;-62.353829072479584;0.002316930967242548
283;9.5;-63.219854476264025;0.0027262963935038996
284;8.0;-64.08587988004847;3.8854155215919125e-06
285;6.5;-64.9519052838329;0.0027109097137458893
286;5.0;-65.81793068761733;0.0029050083240720315
287;65.0;-29.444863728670914;0.0029673624912808553
288;63.5;-30.310889132455348;0.0027981992831628984
289;62.0;-31.17691453623979;2.92983676555498e-06
290;60.5;-32.04293994002423;0.0028133475576136466
291;59.0;-32.90896534380867;0.0024486054488687616
292;57.5;-33.77499074759311;1.482002526847274e-05
293;56.0;-34.64101615137755;0.0026676275697924655
294;54.5;-35.50704155516198;0.0020857320279219545
295;53.0;-36.373066958946424;4.1663142792213306e-05
296;51.5;-37.239092362730865;0.0025345866608596774
297;50.0;-38.1051177665153;0.0017196682095443046
298;48.5;-38.97114317029974;9.155968621345929e-05
299;47.0;-39.83716857408418;0.0024204568129076666
300;45.5;-40.703193977868615;0.0013633943202951727
301;44.0;-41.569219381653056;0.00017474928912508347
302;42.5;-42.4352447854375;0.0023330419932195237
303;41.0;-43.30127018922193;0.001032175916264553
304;39.5;-44.16729559300637;0.00030260814774318834
305;38.0;-45.03332099679081;0.00228041013023094
306;36.5;-45.89934640057525;0.0007411541184679377
307;35.0;-46.76537180435969;0.0004850856353145951
308;33.5;-47.63139720814413;0.0022687045459704345
309;32.0;-48.49742261192856;0.0005015967130556023
310;30.5;-49.363448015713004;0.0007270716015391215
311;29.0;-50.229473419497445;0.002300042706838733
312;27.5;-51.09549882328188;0.0003177799699060467
313;26.0;-51.96152422706632;0.0010255999842596676
314;24.5;-52.82754963085076;0.002371714564629163
315;23.0;-53.693575034635195;0.0001865007912709506
316;21.5;-54.559600438419636;0.0013699447323822927
317;20.0;-55.42562584220408;0.002477202607286649
318;18.5;-56.29165124598851;9.934304145023283e-05
319;17.0;-57.15767664977295;0.0017447434587863598
320;15.5;-58.02370205355739;0.0026084219760617953
321;14.0;-58.88972745734183;4.5970179713714364e-05
322;12.5;-59.75575286112627;0.002134087327049053
323;11.0;-60.6217782649107;0.0027579194568794463
324;9.5;-61.48780366869514;1.664182382743107e-05
325;8.0;-62.353829072479584;0.0025243392058182787
326;6.5;-63.21985447626402;0.0029200560430277253
327;5.0;-64.08587988004845;3.355242003682061e-06
328;3.5;-64.95190528383289;0.002905008324072027
329;2.0;-65.81793068761733;0.0030910482391185816
330;66.5;-26.84678751731759;0.0031268384027254696
331;65.0;-27.71281292110203;0.0029673624912808574
332;63.5;-28.578838324886465;2.4821824247220764e-06
333;62.0;-29.444863728670907;0.002982217685411317
334;60.5;-30.310889132455348;0.0026346993218199807
335;59.0;-31.17691453623978;1.2656612056047424e-05
336;57.5;-32.042939940024226;0.0028444157345101488
337;56.0;-32.90896534380867;0.002284782872002941
338;54.5;-33.7749907475931;3.575161871330117e-05
339;53.0;-34.64101615137754;0.002716965018333955
340;51.5;-35.50704155516198;0.0019263302825705956
341;50.0;-36.37306695894642;7.877975731065158e-05
342;48.5;-37.23909236273086;0.002604833041046371
343;47.0;-38.1051177665153;0.0015704937616727842
344;45.5;-38.97114317029973;0.00015065030129823913
345;44.0;-39.837168574084174;0.00251436528151888
346;42.5;-40.703193977868615;0.0012307675083856732
347;41.0;-41.56921938165305;0.0002616008216106113
348;39.5;-42.43524478543749;0.002452540463525892
349;38.0;-43.30127018922193;0.0009216084121023921
350;36.5;-44.167295593006365;0.00042146012784781493
351;35.0;-45.033320996790806;0.0024254448512084042
352;33.5;-45.89934640057525;0.0006556805692550232
353;32.0;-46.76537180435968;0.0006367832786442685
354;30.5;-47.63139720814412;0.00243647082409385
355;29.0;-48.49742261192856;0.00044076882915848966
356;27.5;-49.363448015713;0.0009079601066394081
357;26.0;-50.22947341949744;0.0024851594987953763
358;24.5;-51.09549882328188;0.00027806436966171916
359;23.0;-51.96152422706631;0.0012280625181071347
360;21.5;-52.827549630850754;0.0025673773246898284
361;20.0;-53.693575034635195;0.0001627854340489065
362;18.5;-54.55960043841963;0.0015843907388638243
363;17.0;-55.42562584220407;0.0026767403821016454
364;15.5;-56.29165124598851;8.653811084226937e-05
365;14.0;-57.157676649772945;0.001961832766239091
366;12.5;-58.023702053557386;0.0028064898748575377
367;11.0;-58.88972745734182;3.993878689942548e-05
368;9.5;-59.75575286112626;0.002346090466150585
369;8.0;-60.6217782649107;0.0029509059415205787
370;6.5;-61.487803668695136;1.4400054519779685e-05
371;5.0;-62.35382907247958;0.002725446695382928
372;3.5;-63.21985447626402;0.0031058174184055384
373;2.0;-64.08587988004845;2.886829319337563e-06
374;0.5;-64.95190528383289;0.0030910482391185773
375;68.0;-24.248711305964274;0.0032759586844142313
376;66.5;-25.114736709748716;0.0031268384027254735
377;65.0;-25.980762113533157;2.086977624228823e-06
378;63.5;-26.84678751731759;0.0031414900642482554
379;62.0;-27.71281292110203;0.0028126253685582746
380;60.5;-28.578838324886473;1.0760779200277137e-05
381;59.0;-29.444863728670907;0.0030125756880000714
382;57.5;-30.310889132455348;0.002477595514715758
383;56.0;-31.17691453623979;3.062141240708964e-05
384;54.5;-32.042939940024226;0.0028921451487083066
385;53.0;-32.90896534380867;0.002129383989441336
386;51.5;-33.7749907475931;6.78075710546836e-05
387;50.0;-34.64101615137755;0.002784227058463362
388;48.5;-35.50704155516198;0.0017776147524244757
389;47.0;-36.37306695894642;0.00013014495703534237
390;45.5;-37.239092362730865;0.0026939654409906676
391;44.0;-38.1051177665153;0.0014340974096883783
392;42.5;-38.97114317029973;0.00022683826402617797
393;41.0;-39.83716857408418;0.002627215969823477
394;39.5;-40.703193977868615;0.0011121592624013655
395;38.0;-41.56921938165305;0.0003673020739392028
396;36.5;-42.43524478543749;0.0025895374712762904
397;35.0;-43.30127018922193;0.0008247988521893666
398;33.5;-44.167295593006365;0.0005589699448933797
399;32.0;-45.033320996790806;0.0025847895384797344
400;30.5;-45.89934640057525;0.0005820665307656006
401;29.0;-46.76537180435968;0.0008046370455007549
402;27.5;-47.63139720814412;0.0026139569992332133
403;26.0;-48.49742261192856;0.00038883887052189303
404;24.5;-49.363448015713;0.0011006543997835335
405;23.0;-50.22947341949744;0.002674853425505796
406;21.5;-51.09549882328188;0.00024415846149823694
407;20.0;-51.96152422706631;0.0014372101189766187
408;18.5;-52.827549630850754;0.0027628842690289646
409;17.0;-53.693575034635195;0.00014239215290999974
410;15.5;-54.55960043841963;0.0018006985100182517
411;14.0;-55.42562584220407;0.002872441993863874
412;12.5;-56.29165124598851;7.54072169221159e-05
413;11.0;-57.157676649772945;0.0021768383361179767
414;9.5;-58.023702053557386;0.0029982383910881886
415;8.0;-58.88972745734183;3.4642449257289015e-05
416;6.5;-59.75575286112626;0.00255302838839891
417;5.0;-60.6217782649107;0.0031360617471164307
418;3.5;-61.48780366869514;1.2418929576702014e-05
419;2.0;-62.35382907247958;0.00291932669061778
420;0.5;-63.21985447626402;0.0032828618128038123
421;69.5;-21.650635094610966;0.0034140552929721388
422;68.0;-22.5166604983954;0.003275958684414234
423;66.5;-23.38268590217984;1.7367311772838934e-06
424;65.0;-24.24871130596428;0.0032904882694185416
425;63.5;-25.114736709748716;0.002981636071505834
426;62.0;-25.980762113533157;9.089057834453386e-06
427;60.5;-26.846787517317598;0.003171328904913542
428;59.0;-27.71281292110203;0.0026632383594425266
429;57.5;-28.578838324886473;2.6127274513671783e-05
430;56.0;-29.444863728670914;0.0030590979452531377
431;54.5;-30.31088913245535;0.002327580642801599
432;53.0;-31.17691453623979;5.8269090640585756e-05
433;51.5;-32.042939940024226;0.002957160918211841
434;50.0;-32.90896534380867;0.0019830313519658242
435;48.5;-33.77499074759311;0.00011244495593148219
436;47.0;-34.64101615137755;0.0028697318412384365
437;45.5;-35.50704155516198;0.0016398705294648705
438;44.0;-36.373066958946424;0.00019695162828162926
439;42.5;-37.239092362730865;0.002801651531162241
440;41.0;-38.1051177665153;0.0013100942475590674
441;39.5;-38.97114317029974;0.00032067221782422446
442;38.0;-39.83716857408418;0.0027577389331570282
443;36.5;-40.703193977868615;0.0010063088648691835
444;35.0;-41.569219381653056;0.0004914285014431824
445;33.5;-42.4352447854375;0.0027417640385418796
446;32.0;-43.30127018922193;0.000739746450226245
447;30.5;-44.16729559300637;0.0007136789623717857
448;29.0;-45.03332099679081;0.0027554289593876118
449;27.5;-45.89934640057525;0.0005180515872415569
450;26.0;-46.76537180435969;0.0009864545423259909
451;24.5;-47.63139720814413;0.00279789261858833
452;23.0;-48.49742261192856;0.0003438381491351646
453;21.5;-49.363448015713004;0.0013027345628980659
454;20.0;-50.229473419497445;0.0028661166743733564
455;18.5;-51.09549882328188;0.00021469843326796478
456;17.0;-51.96152422706632;0.001650823490485246
457;15.5;-52.82754963085076;0.0029558203160604734
458;14.0;-53.693575034635195;0.00012455741968347303
459;12.5;-54.559600438419636;0.002017036970798805
460;11.0;-55.42562584220407;0.0030625524593812063
461;9.5;-56.29165124598851;6.560306721281908e-05
462;8.0;-57.15767664977295;0.002388314873746156
463;6.5;-58.023702053557386;0.003182458720510339
464;5.0;-58.88972745734183;2.995427633679327e-05
465;3.5;-59.75575286112627;0.002753783172340098
466;2.0;-60.6217782649107;0.0033125600767591906
467;0.5;-61.48780366869514;1.0663291738113094e-05
468;71.0;-19.05255888325765;0.003540420704802179
469;69.5;-19.91858428704209;0.0034140552929721414
470;68.0;-20.784609690826525;1.425460791123236e-06
471;66.5;-21.650635094610966;0.0034285524284575586
472;65.0;-22.516660498395407;0.003141033816117553
473;63.5;-23.38268590217984;7.608871403965461e-06
474;62.0;-24.24871130596428;0.0033199682777592565
475;60.5;-25.114736709748723;0.0028408630079684656
476;59.0;-25.980762113533157;2.216507938138924e-05
477;57.5;-26.846787517317598;0.003216938035480371
478;56.0;-27.71281292110204;0.002519801867649695
479;54.5;-28.578838324886476;4.990159747124408e-05
480;53.0;-29.444863728670914;0.003122398462172821
481;51.5;-30.31088913245535;0.002185222618901985
482;50.0;-31.176914536239792;9.699381724508833e-05
483;48.5;-32.04293994002423;0.0030398954372727028
484;47.0;-32.90896534380867;0.0018460661151970344
485;45.5;-33.774990747593115;0.00017094420306028592
486;44.0;-34.64101615137755;0.0029734402483101935
487;42.5;-35.50704155516198;0.0015129520147398104
488;41.0;-36.37306695894643;0.00028007379138173064
489;39.5;-37.239092362730865;0.0029270856049836065
490;38.0;-38.1051177665153;0.0011976344392202098
491;36.5;-38.97114317029974;0.00043229922682171324
492;35.0;-39.83716857408418;0.0029041922819803417
493;33.5;-40.703193977868615;0.0009116577090842268
494;32.0;-41.569219381653056;0.0006332055789178246
495;30.5;-42.4352447854375;0.002906617043479074
496;29.0;-43.30127018922193;0.0006644748401425404
497;27.5;-44.16729559300637;0.000883958129122184
498;26.0;-45.03332099679081;0.002934239449307455
499;24.5;-45.89934640057525;0.0004617012980232325
500;23.0;-46.76537180435969;0.0011800761401660803
501;21.5;-47.63139720814413;0.0029851239302109726
502;20.0;-48.49742261192856;0.0003042481513105213
503;18.5;-49.363448015713004;0.0015119291850183261
504;17.0;-50.229473419497445;0.0030562010862636413
505;15.5;-51.09549882328188;0.00018870871811078356
506;14.0;-51.96152422706632;0.001866838528933582
507;12.5;-52.82754963085076;0.003144065179061912
508;11.0;-53.693575034635195;0.00010876191935942503
509;9.5;-54.559600438419636;0.0022316894986028437
510;8.0;-55.42562584220408;0.003245576405671491
511;6.5;-56.29165124598851;5.689528682967928e-05
512;5.0;-57.15767664977295;0.0025949075379413647
513;3.5;-58.02370205355739;0.0033581504781805284
514;2.0;-58.88972745734183;2.5789566945613415e-05
515;0.5;-59.75575286112627;0.002947336180641637
516;72.5;-16.454482671904326;0.003654241203590088
517;71.0;-17.320508075688767;0.0035404207048021817
518;69.5;-18.18653347947321;1.1481480097089529e-06
519;68.0;-19.052558883257642;0.003555002823112292
520;66.5;-19.918584287042084;0.003290159906756064
521;65.0;-20.784609690826525;6.294656319368314e-06
522;63.5;-21.65063509461096;0.003457833388431785
523;62.0;-22.5166604983954;0.0030097016283018997
524;60.5;-23.38268590217984;1.8657381346619943e-05
525;59.0;-24.248711305964274;0.003364896413042056
526;57.5;-25.114736709748716;0.0027050481104982293
527;56.0;-25.980762113533157;4.251599818330644e-05
528;54.5;-26.846787517317594;0.0032789062245818516
529;53.0;-27.71281292110203;0.0023828377839039817
530;51.5;-28.57883832488647;8.339453745523438e-05
531;50.0;-29.44486372867091;0.003202983688687284
532;48.5;-30.310889132455348;0.0020508854562058245
533;47.0;-31.176914536239785;0.0001480936942486111
534;45.5;-32.042939940024226;0.003140530324058652
535;44.0;-32.90896534380867;0.001718491925834609
536;42.5;-33.7749907475931;0.00024437745195405415
537;41.0;-34.64101615137755;0.0030949293462454695
538;39.5;-35.50704155516198;0.0013963032860278637
539;38.0;-36.37306695894642;0.00038008199650196005
540;36.5;-37.23909236273086;0.0030690117627273717
541;35.0;-38.1051177665153;0.0010955273609034896
542;33.5;-38.97114317029973;0.0005615425178652127
543;32.0;-39.837168574084174;0.0030644247345458574
544;30.5;-40.703193977868615;0.0008265322747130542
545;29.0;-41.56921938165305;0.0007916143101763133
546;27.5;-42.43524478543749;0.0030812316338533433
547;26.0;-43.30127018922193;0.0005971761168393427
548;24.5;-44.167295593006365;0.0010680729139206978
549;23.0;-45.033320996790806;0.0031180466354306913
550;21.5;-45.89934640057525;0.0004114427391257312
551;20.0;-46.76537180435968;0.0013833621789244611
552;18.5;-47.63139720814412;0.003172645779683499
553;17.0;-48.49742261192856;0.0002689398276720514
554;15.5;-49.363448015713;0.0017260526165156088
555;14.0;-50.22947341949744;0.0032426255186252706
556;12.5;-51.09549882328188;0.00016550918793781938
557;11.0;-51.96152422706631;0.0020832894744589265
558;9.5;-52.827549630850754;0.0033257896000750287
559;8.0;-53.693575034635195;9.465732424541833e-05
560;6.5;-54.55960043841963;0.0024430346662373007
561;5.0;-55.42562584220407;0.003420276659504986
562;3.5;-56.29165124598851;4.9130513392189206e-05
563;2.0;-57.157676649772945;0.002795364658041423
564;0.5;-58.023702053557386;0.0035245258699734745
565;74.0;-13.85640646055102;0.0037544797465046994
566;72.5;-14.722431864335453;0.00365424120359009
567;71.0;-15.588457268119894;9.00383979164091e-07
568;69.5;-16.454482671904334;0.003669082412651635
569;68.0;-17.320508075688767;0.0034283750826943978
570;66.5;-18.18653347947321;5.125374119870538e-06
571;65.0;-19.05255888325765;0.0035842769100104415
572;63.5;-19.918584287042084;0.003169062812710411
573;62.0;-20.784609690826525;1.5544074533031255e-05
574;60.5;-21.650635094610966;0.0035022921315919914
575;59.0;-22.5166604983954;0.002882434425096295
576;57.5;-23.38268590217984;3.597180761864834e-05
577;56.0;-24.24871130596428;0.0034258201681508183
578;54.5;-25.11473670974872;0.002574680042122996
579;53.0;-25.980762113533157;7.135881896209476e-05
580;51.5;-26.846787517317594;0.0033577830037537235
581;50.0;-27.712812921102035;0.002252721913445236
582;48.5;-28.578838324886473;0.00012787551883650304
583;47.0;-29.44486372867091;0.0033012009134227877
584;45.5;-30.31088913245535;0.001924669858388936
585;44.0;-31.17691453623979;0.00021274373704728924
586;42.5;-32.042939940024226;0.003258956840947037
587;41.0;-32.90896534380867;0.001599961004387043
588;39.5;-33.77499074759311;0.0003336083028339261
589;38.0;-34.64101615137755;0.0032333818380174723
590;36.5;-35.50704155516198;0.001289023280688952
591;35.0;-36.373066958946424;0.0004972860061040732
592;33.5;-37.239092362730865;0.0032257447241486837
593;32.0;-38.1051177665153;0.0010023782745067083
594;30.5;-38.97114317029974;0.0007079735367720449
595;29.0;-39.83716857408418;0.0032359163787542815
596;27.5;-40.703193977868615;0.0007492921639091695
597;26.0;-41.569219381653056;0.0009654477862353495
598;24.5;-42.4352447854375;0.00326253126660497
599;23.0;-43.30127018922193;0.0005362970026266409
600;21.5;-44.16729559300637;0.001264187939070737
601;20.0;-45.03332099679081;0.0033036777743235372
602;18.5;-45.89934640057525;0.000366058947587202
603;17.0;-46.76537180435969;0.001594154083046686
604;15.5;-47.63139720814413;0.0033576432332581407
605;14.0;-48.49742261192856;0.00023710661573913722
606;12.5;-49.363448015713004;0.001942959882353881
607;11.0;-50.22947341949744;0.003423198167091982
608;9.5;-51.09549882328188;0.00014463894547891306
609;8.0;-51.96152422706632;0.0022982876761807837
610;6.5;-52.827549630850754;0.003499463532055501
611;5.0;-53.693575034635195;8.201235499427978e-05
612;3.5;-54.559600438419636;0.002649553653724869
613;2.0;-55.42562584220407;0.0035856772024299294
614;0.5;-56.29165124598851;4.2204631674893515e-05
615;75.5;-11.258330249197703;0.00383964715945876
616;74.0;-12.124355652982144;0.0037544797465047003
617;72.5;-12.990381056766578;6.781349588107644e-07
618;71.0;-13.85640646055102;0.0037698624703363217
619;69.5;-14.72243186433546;0.003555029188204023
620;68.0;-15.588457268119894;4.0829190566599445e-06
621;66.5;-16.454482671904334;0.0036986170720766905
622;65.0;-17.320508075688775;0.0033183247298177745
623;63.5;-18.18653347947321;1.2776343901342885e-05
624;62.0;-19.05255888325765;0.003628499435325197
625;60.5;-19.91858428704209;0.0030511890592145796
626;59.0;-20.784609690826525;3.0160511128718888e-05
627;57.5;-21.650635094610966;0.003562413613458158
628;56.0;-22.516660498395407;0.002759700973050287
629;54.5;-23.382685902179844;6.067165556270732e-05
630;53.0;-24.24871130596428;0.0035033045772109015
631;51.5;-25.11473670974872;0.002450147584778007
632;50.0;-25.98076211353316;0.00010990445792181559
633;48.5;-26.846787517317598;0.0034540367337351006
634;47.0;-27.712812921102035;0.0021296261183380827
635;45.5;-28.578838324886476;0.00018455273203249752
636;44.0;-29.444863728670914;0.003417197105653403
637;42.5;-30.31088913245535;0.0018063806000694852
638;41.0;-31.176914536239792;0.00029199158777499915
639;39.5;-32.04293994002423;0.003394747291279073
640;38.0;-32.90896534380867;0.0014897968158139362
641;36.5;-33.77499074759311;0.00043931586444741005
642;35.0;-34.64101615137755;0.0033875753346801103
643;33.5;-35.50704155516198;0.0011899553578382856
644;32.0;-36.373066958946424;0.0006317823971042662
645;30.5;-37.239092362730865;0.0033951749974748284
646;29.0;-38.1051177665153;0.000916717529708001
647;27.5;-38.97114317029974;0.0008709530710195961
648;26.0;-39.83716857408418;0.003415801337501957
649;24.5;-40.703193977868615;0.0006784418498419482
650;23.0;-41.569219381653056;0.0011533145276260682
651;21.5;-42.4352447854375;0.003447276006138018
652;20.0;-43.30127018922193;0.0004805831947147212
653;18.5;-44.16729559300637;0.0014703360678814583
654;17.0;-45.03332099679081;0.003488027634480718
655;15.5;-45.89934640057525;0.00032465968285905363
656;14.0;-46.76537180435969;0.0018102393571287033
657;12.5;-47.63139720814413;0.0035375474625589497
658;11.0;-48.49742261192856;0.00020819848853146755
659;9.5;-49.363448015713004;0.002160530787631601
660;8.0;-50.229473419497445;0.0035960474408108737
661;6.5;-51.09549882328188;0.0001257942588343478
662;5.0;-51.96152422706632;0.0025100296765838063
663;3.5;-52.82754963085076;0.0036638666787300097
664;2.0;-53.693575034635195;7.067275916968395e-05
665;0.5;-54.559600438419636;0.002849853079793984
666;77.0;-8.660254037844387;0.003907264445906686
667;75.5;-9.526279441628821;0.003839647159458761
668;74.0;-10.392304845413262;4.77587246610853e-07
669;72.5;-11.258330249197696;0.00385607455933693
670;71.0;-12.124355652982137;0.0036694174025957826
671;69.5;-12.990381056766578;3.151122968069538e-06
672;68.0;-13.856406460551012;0.0038000676751108633
673;66.5;-14.722431864335453;0.003456926484612656
674;65.0;-15.588457268119894;1.0312798900716483e-05
675;63.5;-16.454482671904326;0.0037429071345025074
676;62.0;-17.320508075688767;0.003210653175864653
677;60.5;-18.18653347947321;2.4994578684435953e-05
678;59.0;-19.052558883257642;0.0036880634125333995
679;57.5;-19.918584287042084;0.002937000435566925
680;56.0;-20.784609690826525;5.116687010446644e-05
681;54.5;-21.650635094610962;0.0036387506021508345
682;53.0;-22.5166604983954;0.0026419105330758186
683;51.5;-23.382685902179837;9.389134274826204e-05
684;50.0;-24.248711305964278;0.0035979000896382398
685;48.5;-25.114736709748716;0.002331684668260602
686;47.0;-25.980762113533153;0.00015934470437519482
687;45.5;-26.846787517317594;0.003568018263289233
688;44.0;-27.71281292110203;0.002013476483704444
689;42.5;-28.57883832488647;0.0002545703367342269
690;41.0;-29.44486372867091;0.0035508844109121327
691;39.5;-30.310889132455348;0.0016955205066243157
692;38.0;-31.176914536239785;0.0003867741240722898
693;36.5;-32.042939940024226;0.0035471255059092745
694;35.0;-32.90896534380867;0.0013870423623872509
695;33.5;-33.7749907475931;0.0005620290204562743
696;32.0;-34.64101615137754;0.0035558575298394756
697;30.5;-35.50704155516198;0.0010977856355365398
698;29.0;-36.37306695894642;0.0007834841400419662
699;27.5;-37.23909236273086;0.0035747553192081493
700;26.0;-38.1051177665153;0.0008371152013636979
701;24.5;-38.97114317029973;0.0010496265756126798
702;23.0;-39.837168574084174;0.003600888188919298
703;21.5;-40.703193977868615;0.0006127121511572429
704;20.0;-41.56921938165305;0.0013535997608636636
705;18.5;-42.43524478543749;0.003632131687968714
706;17.0;-43.30127018922193;0.0004290931930001049
707;15.5;-44.167295593006365;0.0016843809995235335
708;14.0;-45.033320996790806;0.0036681462289098582
709;12.5;-45.89934640057525;0.0002866376835981092
710;11.0;-46.76537180435968;0.002029340364041594
711;9.5;-47.63139720814412;0.0037101005810754716
712;8.0;-48.49742261192856;0.00018185986437932957
713;6.5;-49.363448015713;0.0023766842775567
714;5.0;-50.22947341949744;0.0037596518987970343
715;3.5;-51.09549882328188;0.00010877835327663613
716;2.0;-51.96152422706631;0.0027168252001773
717;0.5;-52.827549630850754;0.0038180936199746925
718;78.5;-6.06217782649107;0.0039520944851625375
719;77.0;-6.928203230275511;0.003907264445906688
720;75.5;-7.794228634059945;2.950972427384311e-07
721;74.0;-8.660254037844387;0.003925769746906041
722;72.5;-9.526279441628821;0.0037707241317743918
723;71.0;-10.392304845413262;2.3152143777823203e-06
724;69.5;-11.258330249197703;0.0038876293119174195
725;68.0;-12.124355652982137;0.003584362858874547
726;66.5;-12.990381056766578;8.117118578129455e-06
727;65.0;-13.85640646055102;0.0038448665476263923
728;63.5;-14.722431864335453;0.0033602830500126185
729;62.0;-15.588457268119894;2.0400373265768552e-05
730;60.5;-16.454482671904334;0.0038022125731977012
731;59.0;-17.320508075688767;0.0031058295625099723
732;57.5;-18.18653347947321;4.271051543607592e-05
733;56.0;-19.05255888325765;0.0037634791649471607
734;54.5;-19.918584287042087;0.0028269377983282744
735;53.0;-20.784609690826525;7.961169402453728e-05
736;51.5;-21.650635094610962;0.0037318993155783823
737;50.0;-22.516660498395403;0.002529360065827217
738;48.5;-23.38268590217984;0.00013677249546777606
739;47.0;-24.248711305964278;0.003710113625934415
740;45.5;-25.11473670974872;0.002219324751478754
741;44.0;-25.980762113533157;0.0002208526710625317
742;42.5;-26.846787517317594;0.0036999286402311965
743;41.0;-27.712812921102035;0.0019039292125138823
744;39.5;-28.578838324886473;0.00033902380930606057
745;38.0;-29.44486372867091;0.0037019037919404202
746;36.5;-30.310889132455348;0.001591305887547734
747;35.0;-31.17691453623979;0.0004979472509689897
748;33.5;-32.042939940024226;0.003714923086995222
749;32.0;-32.90896534380867;0.0012905237335509685
750;30.5;-33.77499074759311;0.0007021526525329323
751;29.0;-34.64101615137755;0.003736098753795927
752;27.5;-35.50704155516198;0.0010111427488873946
753;26.0;-36.373066958946424;0.0009521121366005744
754;24.5;-37.239092362730865;0.0037614773446772664
755;23.0;-38.1051177665153;0.0007622822926242077
756;21.5;-38.97114317029974;0.0012428711714652682
757;20.0;-39.83716857408418;0.003787703710931519
758;18.5;-40.703193977868615;0.000551116433181174
759;17.0;-41.569219381653056;0.0015644085213721679
760;15.5;-42.4352447854375;0.003813775837896319
761;14.0;-43.30127018922193;0.0003811870423468823
762;12.5;-44.16729559300637;0.0019039997325866723
763;11.0;-45.033320996790806;0.00384134412983903
764;9.5;-45.89934640057525;0.000251615560201608
765;8.0;-46.76537180435969;0.002249135575289924
766;6.5;-47.63139720814412;0.0038734182505699164
767;5.0;-48.49742261192856;0.00015787297684933296
768;3.5;-49.363448015713004;0.002589416972323185
769;2.0;-50.22947341949744;0.003912860232285121
770;0.5;-51.09549882328188;9.346154298763546e-05
771;78.5;-4.330127018922195;0.003952094485162539
772;77.0;-5.1961524227066365;1.2785704182304155e-07
773;75.5;-6.06217782649107;0.003975471926840091
774;74.0;-6.928203230275511;0.0038579918295853608
775;72.5;-7.794228634059945;1.5618528731988406e-06
776;71.0;-8.660254037844387;0.003959908655826445
777;69.5;-9.526279441628828;0.003700200537948387
778;68.0;-10.392304845413262;6.156888733083607e-06
779;66.5;-11.258330249197703;0.003933623339413751
780;65.0;-12.124355652982144;0.0034996609373337847
781;63.5;-12.990381056766578;1.6313839451319208e-05
782;62.0;-13.85640646055102;0.0039043284499859555
783;60.5;-14.72243186433546;0.003265597486250629
784;59.0;-15.588457268119894;3.518997294888679e-05
785;57.5;-16.454482671904334;0.003876967374171026
786;56.0;-17.320508075688775;0.0030043414778715043
787;54.5;-18.186533479473212;6.688371675631869e-05
788;53.0;-19.05255888325765;0.0038553535965321958
789;51.5;-19.918584287042087;0.0027213682181444665
790;50.0;-20.784609690826528;0.00011656505263321204
791;48.5;-21.650635094610966;0.003842477558546611
792;47.0;-22.516660498395403;0.002422187558073016
793;45.5;-23.382685902179844;0.0001904673892185654
794;44.0;-24.24871130596428;0.0038403828350708513
795;42.5;-25.11473670974872;0.002112866354294016
796;41.0;-25.98076211353316;0.00029559929749253957
797;39.5;-26.846787517317598;0.003849785102997743
798;38.0;-27.712812921102035;0.0018003620251222847
799;36.5;-28.578838324886473;0.00043899036048326417
800;35.0;-29.444863728670914;0.0038695748983738174
801;33.5;-30.31088913245535;0.001492697006185151
802;32.0;-31.17691453623979;0.000626316125038797
803;30.5;-32.04293994002423;0.0038965090075813924
804;29.0;-32.90896534380867;0.0011989232969192624
805;27.5;-33.77499074759311;0.0008599652511015091
806;26.0;-34.64101615137755;0.0039256221121317094
807;24.5;-35.50704155516198;0.0009286994002237967
808;23.0;-36.373066958946424;0.0011371344298392674
809;21.5;-37.239092362730865;0.003951862159319534
810;20.0;-38.1051177665153;0.0006911612130774877
811;18.5;-38.97114317029974;0.0014492071879431787
812;17.0;-39.83716857408418;0.0039725884907166765
813;15.5;-40.703193977868615;0.0004929808141095849
814;14.0;-41.569219381653056;0.0017835218738557713
815;12.5;-42.4352447854375;0.003989041260145225
816;11.0;-43.30127018922193;0.0003364925255938638
817;9.5;-44.16729559300637;0.002126702377116809
818;8.0;-45.03332099679081;0.004005300912329693
819;6.5;-45.89934640057525;0.00021938762954313643
820;5.0;-46.76537180435969;0.0024673115986516476
821;3.5;-47.63139720814413;0.0040260377205877385
822;2.0;-48.49742261192856;0.00013610827948307678
823;0.5;-49.363448015713004;0.002796855852140856
824;77.0;-3.4641016151377544;0.003997180238502033
825;75.5;-4.330127018922188;0.003930509116092835
826;74.0;-5.196152422706629;8.809863565538981e-07
827;72.5;-6.062177826491063;0.004014803360381776
828;71.0;-6.928203230275504;0.003804183577116539
829;69.5;-7.794228634059945;4.40383410600888e-06
830;68.0;-8.66025403784438;0.004008229737450408
831;66.5;-9.526279441628821;0.0036285318950195354
832;65.0;-10.392304845413262;1.2678386894394954e-05
833;63.5;-11.258330249197696;0.0039938572169969915
834;62.0;-12.124355652982137;0.003415886556440459
835;60.5;-12.990381056766578;2.8507261555495097e-05
836;59.0;-13.856406460551012;0.003978773557001271
837;57.5;-14.722431864335453;0.003173427688798839
838;56.0;-15.588457268119894;5.555354128707172e-05
839;54.5;-16.45448267190433;0.003967755226350617
840;53.0;-17.320508075688767;0.002906638223202447
841;51.5;-18.186533479473205;9.850084057839249e-05
842;50.0;-19.052558883257646;0.00396437266920506
843;48.5;-19.918584287042084;0.002620538074237314
844;47.0;-20.78460969082652;0.00016312389017974263
845;45.5;-21.650635094610962;0.003971106625318975
846;44.0;-22.5166604983954;0.002320332534002953
847;42.5;-23.382685902179837;0.0002561567099225792
848;41.0;-24.248711305964278;0.0039890501133385955
849;39.5;-25.114736709748716;0.002011848582236113
850;38.0;-25.980762113533153;0.00038478601825543544
851;36.5;-26.84678751731759;0.004017375528771968
852;35.0;-27.71281292110203;0.001701876877362961
853;33.5;-28.57883832488647;0.0005555670598605505
854;32.0;-29.444863728670907;0.004052817883282334
855;30.5;-30.310889132455348;0.0013984394824117267
856;29.0;-31.176914536239785;0.00077264828220896
857;27.5;-32.042939940024226;0.0040896838346871685
858;26.0;-32.90896534380867;0.0011108636427944025
859;24.5;-33.7749907475931;0.0010355662695875191
860;23.0;-34.64101615137754;0.004121125598124774
861;21.5;-35.50704155516198;0.0008492803140568043
862;20.0;-36.37306695894642;0.0013376496604241602
863;18.5;-37.23909236273086;0.004142003530627881
864;17.0;-38.1051177665153;0.0006230025822711618
865;15.5;-38.97114317029973;0.0016667053150790756
866;14.0;-39.837168574084174;0.0041518608568021035
867;12.5;-40.703193977868615;0.0004379432438186813
868;11.0;-41.56921938165305;0.0020083954054739843
869;9.5;-42.43524478543749;0.004155080778368377
870;8.0;-43.30127018922193;0.0002948522818676586
871;6.5;-44.167295593006365;0.002349894182202439
872;5.0;-45.033320996790806;0.004158157882690345
873;3.5;-45.89934640057525;0.00018986153401598176
874;2.0;-46.76537180435968;0.002681636537374722
875;0.5;-47.63139720814412;0.004166941826717431
876;77.0;-1.7320508075688796;0.0039971802385020344
877;75.5;-2.5980762113533133;2.80353893977449e-07
878;74.0;-3.4641016151377544;0.004049079947475858
879;72.5;-4.330127018922188;0.0038967391999732283
880;71.0;-5.196152422706629;2.837243712596305e-06
881;69.5;-6.06217782649107;0.00406745412119063
882;68.0;-6.928203230275504;0.00374691508275669
883;66.5;-7.794228634059945;9.4450807842632e-06
884;65.0;-8.660254037844387;0.004070180822737949
885;63.5;-9.526279441628821;0.0035564881975081973
886;62.0;-10.392304845413262;2.2575662210326467e-05
887;60.5;-11.258330249197703;0.004068501409708627
888;59.0;-12.124355652982137;0.0033337114057728364
889;57.5;-12.990381056766578;4.5486062750073134e-05
890;56.0;-13.85640646055102;0.004068731540907468
891;54.5;-14.722431864335457;0.003084324521158415
892;53.0;-15.588457268119894;8.238962116133323e-05
893;51.5;-16.45448267190433;0.00407529103101302
894;50.0;-17.32050807568877;0.0028130830628961307
895;48.5;-18.18653347947321;0.0001385817043325426
896;47.0;-19.052558883257646;0.0040912893808223915
897;45.5;-19.918584287042087;0.0025245319585749963
898;44.0;-20.784609690826525;0.00022043005087140776
899;42.5;-21.650635094610962;0.004118395528803466
900;41.0;-22.516660498395403;0.002223502638421956
901;39.5;-23.38268590217984;0.00033508372683841456
902;38.0;-24.248711305964278;0.004156329125449192
903;36.5;-25.114736709748716;0.0019155333612682322
904;35.0;-25.980762113533157;0.0004896908489483937
905;33.5;-26.846787517317594;0.004202187347549096
906;32.0;-27.71281292110203;0.0016073103918760043
907;30.5;-28.578838324886473;0.0006899043886480022
908;29.0;-29.44486372867091;0.004250031596337749
909;27.5;-30.310889132455348;0.0013071178113169026
910;26.0;-31.17691453623979;0.0009376465485469224
911;24.5;-32.042939940024226;0.004291538691524826
912;23.0;-32.90896534380867;0.0010250100492990217
913;21.5;-33.77499074759311;0.001228753420437885
914;20.0;-34.64101615137755;0.004318633071727889
915;18.5;-35.50704155516198;0.000771978768911083
916;17.0;-36.373066958946424;0.0015522322986647175
917;15.5;-37.239092362730865;0.004327708599194409
918;14.0;-38.1051177665153;0.000557414755128065
919;12.5;-38.97114317029974;0.001892932274588463
920;11.0;-39.837168574084174;0.004322039263723244
921;9.5;-40.703193977868615;0.0003859178259723832
922;8.0;-41.569219381653056;0.0022362166837809503
923;6.5;-42.43524478543749;0.004309524721700728
924;5.0;-43.30127018922193;0.0002562583967641732
925;3.5;-44.16729559300637;0.0025709721643371237
926;2.0;-45.033320996790806;0.004298578484905333
927;0.5;-45.89934640057525;0.0001630048055586947
928;75.5;-0.8660254037844386;0.004064412068699191
929;74.0;-1.7320508075688796;0.003981975575198371
930;72.5;-2.5980762113533133;1.4605062107097726e-06
931;71.0;-3.4641016151377544;0.004109871463072891
932;69.5;-4.330127018922195;0.0038554392424410846
933;68.0;-5.196152422706629;6.576892388301792e-06
934;66.5;-6.06217782649107;0.004132604316443883
935;65.0;-6.928203230275511;0.0036874872205167218
936;63.5;-7.794228634059945;1.7319492778842435e-05
937;62.0;-8.660254037844387;0.004145773930925865
938;60.5;-9.526279441628828;0.0034849446984960585
939;59.0;-10.392304845413262;3.656021603081745e-05
940;57.5;-11.258330249197703;0.004158010427309853
941;56.0;-12.124355652982144;0.0032538210016584074
942;54.5;-12.990381056766582;6.806108348429842e-05
943;53.0;-13.85640646055102;0.00417491318781989
944;51.5;-14.722431864335457;0.002998781719277548
945;50.0;-15.588457268119898;0.00011662921516032471
946;48.5;-16.454482671904334;0.00420041109100329
947;47.0;-17.32050807568877;0.002723912446530359
948;45.5;-18.186533479473212;0.0001881963367499441
949;44.0;-19.05255888325765;0.004236917381507086
950;42.5;-19.918584287042087;0.0024332357645019172
951;41.0;-20.784609690826528;0.00028970407768741515
952;39.5;-21.650635094610966;0.0042849230076537105
953;38.0;-22.516660498395403;0.0021311431614916146
954;36.5;-23.38268590217984;0.0004286055901341237
955;35.0;-24.24871130596428;0.00434225199305136
956;33.5;-25.11473670974872;0.0018228904379585951
957;32.0;-25.980762113533157;0.0006117215255715151
958;30.5;-26.846787517317598;0.004403292170626086
959;29.0;-27.712812921102035;0.0015152517950458443
960;27.5;-28.578838324886473;0.0008432160189726756
961;26.0;-29.444863728670914;0.004458913861885313
962;24.5;-30.31088913245535;0.0012172298853531435
963;23.0;-31.17691453623979;0.0011218519528457102
964;21.5;-32.04293994002423;0.0044982987036411345
965;20.0;-32.90896534380867;0.0009402029019441703
966;18.5;-33.77499074759311;0.0014388215716935114
967;17.0;-34.64101615137755;0.004513540078014578
968;15.5;-35.50704155516198;0.0006962707436619692
969;14.0;-36.373066958946424;0.0017787887753786195
970;12.5;-37.239092362730865;0.004504755343868063
971;11.0;-38.1051177665153;0.0004943675092461472
972;9.5;-38.97114317029974;0.002124972771955113
973;8.0;-39.83716857408418;0.004480085941850439
974;6.5;-40.703193977868615;0.0003370278247683212
975;5.0;-41.569219381653056;0.00246402014800548
976;3.5;-42.4352447854375;0.004450601381287921
977;2.0;-43.30127018922193;0.00022078365651063015
978;0.5;-44.16729559300637;0.0027874399870269693
979;75.5;0.8660254037844364;0.004064412068699194
980;74.0;-4.6629367034256575e-15;4.222984336226732e-07
981;72.5;-0.8660254037844386;0.00413595755607376
982;71.0;-1.7320508075688796;0.003956380456905869
983;69.5;-2.5980762113533205;4.064642209568695e-06
984;68.0;-3.4641016151377544;0.004180492564143523
985;66.5;-4.330127018922195;0.0038094559057528943
986;65.0;-5.1961524227066365;1.2678238219705895e-05
987;63.5;-6.06217782649107;0.004210238838462977
988;62.0;-6.928203230275511;0.003627172901017312
989;60.5;-7.7942286340599525;2.8668147678656678e-05
990;59.0;-8.660254037844387;0.004235396589873964
991;57.5;-9.526279441628828;0.0034147815449792254
992;56.0;-10.39230484541327;5.535899892532589e-05
993;54.5;-11.258330249197707;0.0042630698088978285
994;53.0;-12.124355652982144;0.003176861491123959
995;51.5;-12.990381056766582;9.707047246618102e-05
996;50.0;-13.856406460551023;0.004298196727988792
997;48.5;-14.72243186433546;0.0029171965307451743
998;47.0;-15.588457268119898;0.00015925086938646112
999;45.5;-16.454482671904337;0.004344072950519963
1000;44.0;-17.320508075688775;0.0026391995766345423
1001;42.5;-18.186533479473212;0.00024849638036889037
1002;41.0;-19.052558883257653;0.004402128125796688
1003;39.5;-19.91858428704209;0.002346300656925482
1004;38.0;-20.784609690826528;0.0003722976873851943
1005;36.5;-21.650635094610966;0.004471208792946421
1006;35.0;-22.516660498395407;0.0020424049242647917
1007;33.5;-23.382685902179844;0.000538260652497106
1008;32.0;-24.24871130596428;0.004546579122041588
1009;30.5;-25.114736709748723;0.001732582521502545
1010;29.0;-25.98076211353316;0.0007524636853617243
1011;27.5;-26.846787517317598;0.004619162031607234
1012;26.0;-27.71281292110204;0.0014240749067448027
1013;24.5;-28.578838324886476;0.0010167346821735714
1014;23.0;-29.444863728670914;0.004676218311702775
1015;21.5;-30.310889132455355;0.0011273006989818643
1016;20.0;-31.176914536239792;0.0013254426490542412
1017;18.5;-32.04293994002423;0.004705209519661421
1018;17.0;-32.908965343808674;0.0008556258986805427
1019;15.5;-33.774990747593115;0.001664308935247875
1020;14.0;-34.64101615137755;0.004700834515261388
1021;12.5;-35.50704155516199;0.0006220926299201667
1022;11.0;-36.373066958946424;0.0020144924377285176
1023;9.5;-37.239092362730865;0.004669235397042391
1024;8.0;-38.105117766515306;0.00043413961128895717
1025;6.5;-38.97114317029974;0.0023595429173800288
1026;5.0;-39.83716857408418;0.004623621264213791
1027;3.5;-40.70319397786862;0.00029151909184478445
1028;2.0;-41.569219381653056;0.002688841170307077
1029;0.5;-42.4352447854375;0.004577199350984671
1030;74.0;1.7320508075688774;0.0041476931590672585
1031;72.5;0.8660254037844435;0.004052794965981772
1032;71.0;2.4424906541753444e-15;1.9927433530269903e-06
1033;69.5;-0.8660254037844386;0.004214069001792236
1034;68.0;-1.7320508075688725;0.003923848890160412
1035;66.5;-2.5980762113533133;8.619736550670825e-06
1036;65.0;-3.4641016151377544;0.004261666574906206
1037;63.5;-4.330127018922188;0.0037608417107264755
1038;62.0;-5.196152422706629;2.1718751220446862e-05
1039;60.5;-6.06217782649107;0.004300773071105731
1040;59.0;-6.928203230275504;0.0035671544853215767
1041;57.5;-7.794228634059945;4.413997802816363e-05
1042;56.0;-8.660254037844387;0.004339712594694408
1043;54.5;-9.526279441628825;0.0033468336720400183
1044;53.0;-10.392304845413262;7.971871889053644e-05
1045;51.5;-11.2583302491977;0.0043845704212405485
1046;50.0;-12.12435565298214;0.003103403450458922
1047;48.5;-12.990381056766578;0.0001333922467743759
1048;47.0;-13.856406460551016;0.004439629095566749
1049;45.5;-14.722431864335457;0.002839836646468035
1050;44.0;-15.588457268119894;0.00021130811735970608
1051;42.5;-16.45448267190433;0.004507364493296945
1052;41.0;-17.32050807568877;0.002558818678484101
1053;39.5;-18.18653347947321;0.00032076478608173846
1054;38.0;-19.052558883257646;0.004587846651501257
1055;36.5;-19.918584287042084;0.002263102873583018
1056;35.0;-20.784609690826525;0.00046976763838696504
1057;33.5;-21.650635094610962;0.004677659813471261
1058;32.0;-22.5166604983954;0.0019561054330773943
1059;30.5;-23.38268590217984;0.0006658476421800024
1060;29.0;-24.248711305964278;0.004768644621054575
1061;27.5;-25.114736709748716;0.0016429521267569515
1062;26.0;-25.980762113533157;0.0009137017783593843
1063;24.5;-26.846787517317594;0.004847389193004254
1064;23.0;-27.71281292110203;0.0013320020246847186
1065;21.5;-28.578838324886473;0.0012115677167903595
1066;20.0;-29.44486372867091;0.00489747026508776
1067;18.5;-30.310889132455348;0.001036060946164907
1068;17.0;-31.17691453623979;0.0015479067502789231
1069;15.5;-32.042939940024226;0.00490658590050981
1070;14.0;-32.90896534380867;0.0007709890418890884
1071;12.5;-33.77499074759311;0.0019027783142571146
1072;11.0;-34.64101615137754;0.004875514185366196
1073;9.5;-35.50704155516198;0.0005498418243151542
1074;8.0;-36.373066958946424;0.0022558497387060723
1075;6.5;-37.23909236273086;0.004817906868974158
1076;5.0;-38.1051177665153;0.0003772175252474823
1077;3.5;-38.97114317029974;0.002593180949025072
1078;2.0;-39.837168574084174;0.004751064682525613
1079;0.5;-40.703193977868615;0.00024967050264808826
1080;74.0;3.4641016151377526;0.00414769315906726
1081;72.5;2.5980762113533187;5.491117380611513e-07
1082;71.0;1.7320508075688774;0.004234522850357823
1083;69.5;0.8660254037844364;0.00403278536376983
1084;68.0;2.4424906541753444e-15;5.17666263965314e-06
1085;66.5;-0.8660254037844386;0.004300286754039392
1086;65.0;-1.7320508075688796;0.0038869616806673037
1087;63.5;-2.5980762113533133;1.5647874181487643e-05
1088;62.0;-3.4641016151377544;0.004354157472067673
1089;60.5;-4.330127018922195;0.0037112392709631858
1090;59.0;-5.196152422706629;3.427656830049145e-05
1091;57.5;-6.06217782649107;0.004404904243040405
1092;56.0;-6.928203230275511;0.0035085130532711657
1093;54.5;-7.794228634059949;6.439532650780233e-05
1094;53.0;-8.660254037844387;0.0044596163631505535
1095;51.5;-9.526279441628825;0.0032818639427225826
1096;50.0;-10.392304845413266;0.00011041574612484411
1097;48.5;-11.258330249197703;0.004523605642647256
1098;47.0;-12.12435565298214;0.0030339149783720366
1099;45.5;-12.990381056766582;0.0001779669136701143
1100;44.0;-13.85640646055102;0.004600442069543154
1101;42.5;-14.722431864335457;0.00276680918783982
1102;41.0;-15.588457268119898;0.0002739733822694616
1103;39.5;-16.454482671904334;0.004691520467914376
1104;38.0;-17.32050807568877;0.002482404810154394
1105;36.5;-18.18653347947321;0.00040648866615411146
1106;35.0;-19.05255888325765;0.0047950368411974155
1107;33.5;-19.918584287042087;0.00218269258765738
1108;32.0;-20.784609690826525;0.0005839732583166864
1109;30.5;-21.650635094610966;0.004904467645173722
1110;29.0;-22.516660498395403;0.0018706792617859704
1111;27.5;-23.38268590217984;0.000813506065477159
1112;26.0;-24.24871130596428;0.005007097358842345
1113;24.5;-25.11473670974872;0.0015520207053556952
1114;23.0;-25.980762113533157;0.0010973710605008899
1115;21.5;-26.846787517317598;0.005084286688958524
1116;20.0;-27.712812921102035;0.0012372346742225055
1117;18.5;-28.578838324886473;0.0014283885157717214
1118;17.0;-29.444863728670914;0.005116733561871612
1119;15.5;-30.31088913245535;0.0009427098407634628
1120;14.0;-31.17691453623979;0.0017876268901079288
1121;12.5;-32.04293994002423;0.005096180392303684
1122;11.0;-32.90896534380867;0.0006866514521656615
1123;9.5;-33.77499074759311;0.002150749704089078
1124;8.0;-34.64101615137755;0.005033121055248536
1125;6.5;-35.50704155516198;0.00048028287936810845
1126;5.0;-36.373066958946424;0.0024989056301097344
1127;3.5;-37.239092362730865;0.004948471577178668
1128;2.0;-38.1051177665153;0.00032416858857992737
1129;0.5;-38.97114317029974;0.0028224783523830856
1130;72.5;4.330127018922194;0.00424368957562887
1131;71.0;3.4641016151377526;0.0041386307633845525
1132;69.5;2.5980762113533116;2.461748893847789e-06
1133;68.0;1.7320508075688774;0.004326935169288661
1134;66.5;0.8660254037844364;0.004007060107183788
1135;65.0;-4.6629367034256575e-15;1.043980815017112e-05
1136;63.5;-0.8660254037844386;0.004395854675766764
1137;62.0;-1.7320508075688796;0.0038477581901825908
1138;60.5;-2.5980762113533205;2.5665353912105835e-05
1139;59.0;-3.4641016151377544;0.004458841981643547
1140;57.5;-4.330127018922195;0.0036620450416231533
1141;56.0;-5.1961524227066365;5.093320154436928e-05
1142;54.5;-6.062177826491074;0.004523554146870547
1143;53.0;-6.928203230275511;0.0034522310184301125
1144;51.5;-7.794228634059949;9.011333242337958e-05
1145;50.0;-8.66025403784439;0.004596222305280519
1146;48.5;-9.526279441628828;0.003220547240147584
1147;47.0;-10.392304845413266;0.00014827371853972287
1148;45.5;-11.258330249197707;0.004681489302255375
1149;44.0;-12.124355652982144;0.002968738873348215
1150;42.5;-12.990381056766582;0.00023183385231497413
1151;41.0;-13.856406460551023;0.004782083315284216
1152;39.5;-14.72243186433546;0.002698026778245725
1153;38.0;-15.588457268119898;0.00034860390058376735
1154;36.5;-16.454482671904334;0.004897942425572023
1155;35.0;-17.320508075688775;0.0024093019276658642
1156;33.5;-18.186533479473212;0.0005074616227046793
1157;32.0;-19.05255888325765;0.0050246597364157234
1158;30.5;-19.91858428704209;0.002103723514365663
1159;29.0;-20.784609690826528;0.0007171981075964098
1160;27.5;-21.650635094610966;0.0051514177249307866
1161;26.0;-22.516660498395407;0.0017841177885948368
1162;24.5;-23.382685902179844;0.0009837727745661451
1163;23.0;-24.24871130596428;0.005259481884879695
1164;21.5;-25.114736709748723;0.001457528591295779
1165;20.0;-25.98076211353316;0.0013053651513919972
1166;18.5;-26.846787517317598;0.0053243836530476405
1167;17.0;-27.71281292110204;0.0011382067063651267
1168;15.5;-28.578838324886476;0.001666906513163998
1169;14.0;-29.444863728670914;0.005326652166960102
1170;12.5;-30.310889132455355;0.0008472290774604572
1171;11.0;-31.176914536239792;0.002041548820225654
1172;9.5;-32.04293994002423;0.005267887039824224
1173;8.0;-32.908965343808674;0.0006036021872441349
1174;6.5;-33.77499074759311;0.0024038561394393245
1175;5.0;-34.64101615137755;0.005170244502644867
1176;3.5;-35.50704155516199;0.00041437969992363374
1177;2.0;-36.373066958946424;0.0027395479473015564
1178;0.5;-37.239092362730865;0.005059716541149499
1179;72.5;6.062177826491076;0.004243689575628874
1180;71.0;5.196152422706635;6.58396903855908e-07
1181;69.5;4.330127018922194;0.0043429664303937104
1182;68.0;3.4641016151377597;0.004122981532450271
1183;66.5;2.5980762113533187;6.1409782207982535e-06
1184;65.0;1.7320508075688774;0.004426561958379765
1185;63.5;0.8660254037844435;0.0039778466832642205
1186;62.0;2.4424906541753444e-15;1.8240939638908902e-05
1187;60.5;-0.8660254037844386;0.004501926768332224
1188;59.0;-1.7320508075688725;0.003807934331373441
1189;57.5;-2.5980762113533133;3.9184190259560524e-05
1190;56.0;-3.4641016151377544;0.004576736723692144
1191;54.5;-4.330127018922192;0.003614489233709636
1192;53.0;-5.196152422706629;7.227861709696552e-05
1193;51.5;-6.062177826491067;0.004657856863317779
1194;50.0;-6.928203230275508;0.0033991978696503106
1195;48.5;-7.794228634059945;0.00012200481598355875
1196;47.0;-8.660254037844384;0.00475088103701896
1197;45.5;-9.526279441628825;0.0031634595344525486
1198;44.0;-10.392304845413262;0.00019419188900483294
1199;42.5;-11.2583302491977;0.004859794434206728
1200;41.0;-12.12435565298214;0.002908069312626281
1201;39.5;-12.990381056766578;0.00029618669737964203
1202;38.0;-13.856406460551016;0.004986262250830645
1203;36.5;-14.722431864335453;0.0026331639703654087
1204;35.0;-15.588457268119894;0.00043683763237278356
1205;33.5;-16.45448267190433;0.005128213993675872
1206;32.0;-17.320508075688767;0.0023384889548632238
1207;30.5;-18.18653347947321;0.0006259237655760733
1208;29.0;-19.052558883257646;0.005277575055728524
1209;27.5;-19.918584287042084;0.002024354112113792
1210;26.0;-20.784609690826525;0.0008722901780532856
1211;24.5;-21.650635094610962;0.005417544508142294
1212;23.0;-22.5166604983954;0.0016939096135437524
1213;21.5;-23.38268590217984;0.0011795579129061946
1214;20.0;-24.248711305964278;0.005521594183282933
1215;18.5;-25.114736709748716;0.0013570778026305546
1216;17.0;-25.980762113533157;0.0015390756874900013
1217;15.5;-26.846787517317594;0.0055599519967841375
1218;14.0;-27.71281292110203;0.0010340180298843821
1219;12.5;-28.578838324886473;0.0019251663321835138
1220;11.0;-29.44486372867091;0.005519108313090445
1221;9.5;-30.310889132455348;0.0007505796880530722
1222;8.0;-31.17691453623979;0.002305141998099804
1223;6.5;-32.042939940024226;0.005416584992997041
1224;5.0;-32.90896534380867;0.0005232782815122638
1225;3.5;-33.77499074759311;0.0026572059778949154
1226;2.0;-34.64101615137754;0.0052848551976869395
1227;0.5;-35.50704155516198;0.0003531014324244584
1228;71.0;6.92820323027551;0.004350065181680904
1229;69.5;6.062177826491069;0.004236678192917214
1230;68.0;5.196152422706635;2.8586005449531555e-06
1231;66.5;4.330127018922194;0.004447362293196957
1232;65.0;3.4641016151377526;0.004102955029377948
1233;63.5;2.5980762113533187;1.1987106853321598e-05
1234;62.0;1.7320508075688774;0.004534825634341924
1235;60.5;0.8660254037844364;0.003947038143422468
1236;59.0;2.4424906541753444e-15;2.902986160852474e-05
1237;57.5;-0.8660254037844386;0.004619674858313894
1238;56.0;-1.7320508075688796;0.003768959940708973
1239;54.5;-2.598076211353317;5.6715372662519145e-05
1240;53.0;-3.4641016151377544;0.004709020820133478
1241;51.5;-4.330127018922192;0.0035696813404915567
1242;50.0;-5.196152422706633;9.89199949969174e-05
1243;48.5;-6.06217782649107;0.004809175527860588
1244;47.0;-6.928203230275508;0.0033502166615084813
1245;45.5;-7.794228634059949;0.00016083300041505355
1246;44.0;-8.660254037844387;0.004925220474932546
1247;42.5;-9.526279441628825;0.0031110682484036963
1248;41.0;-10.392304845413266;0.00024918858167562896
1249;39.5;-11.258330249197703;0.005060414888397388
1250;38.0;-12.12435565298214;0.0028519226279723853
1251;36.5;-12.990381056766578;0.00037245551456824706
1252;35.0;-13.85640646055102;0.005215009867956533
1253;33.5;-14.722431864335457;0.002571594187367867
1254;32.0;-15.588457268119894;0.0005407310218313204
1255;30.5;-16.454482671904334;0.005384095189182734
1256;29.0;-17.32050807568877;0.002268469439309484
1257;27.5;-18.18653347947321;0.0007647491133988965
1258;26.0;-19.05255888325765;0.005554330659096747
1259;24.5;-19.918584287042087;0.0019421130467071333
1260;23.0;-20.784609690826525;0.0010527972658661373
1261;21.5;-21.650635094610966;0.005700525706539925
1262;20.0;-22.516660498395403;0.0015970203930497215
1263;18.5;-23.38268590217984;0.0014039179635788718
1264;17.0;-24.24871130596428;0.005786582836817024
1265;15.5;-25.11473670974872;0.00124849371142621
1266;14.0;-25.980762113533157;0.0017985177602116947
1267;12.5;-26.846787517317598;0.005780997040474537
1268;11.0;-27.712812921102035;0.0009250104205210264
1269;9.5;-28.578838324886473;0.002199046481200719
1270;8.0;-29.444863728670914;0.005686457523786005
1271;6.5;-30.31088913245535;0.0006546207788952473
1272;5.0;-31.17691453623979;0.0025727391088150144
1273;3.5;-32.042939940024226;0.0055388380731823525
1274;2.0;-32.90896534380867;0.0004472766360229647
1275;0.5;-33.77499074759311;0.0029058585788261895
1276;71.0;8.660254037844387;0.0043500651816809075
1277;69.5;7.794228634059947;7.486639088679724e-07
1278;68.0;6.928203230275513;0.004459636503512541
1279;66.5;6.062177826491072;0.004224714953465948
1280;65.0;5.196152422706631;6.93918782321909e-06
1281;63.5;4.330127018922197;0.00455848496551172
1282;62.0;3.464101615137756;0.004080510524001126
1283;60.5;2.598076211353315;2.039115120166957e-05
1284;59.0;1.732050807568881;0.004653067181004255
1285;57.5;0.8660254037844399;0.0039162881122100255
1286;56.0;-1.1102230246251565e-15;4.324817404605446e-05
1287;54.5;-0.8660254037844386;0.004750354647167626
1288;53.0;-1.732050807568876;0.003732152387409265
1289;51.5;-2.5980762113533133;7.877441615881288e-05
1290;50.0;-3.4641016151377544;0.0048570673389433825
1291;48.5;-4.330127018922192;0.0035286411101924627
1292;47.0;-5.196152422706629;0.00013149583190221695
1293;45.5;-6.06217782649107;0.004979144206169122
1294;44.0;-6.928203230275508;0.003306010794186215
1295;42.5;-7.794228634059945;0.00020744537685129182
1296;41.0;-8.660254037844387;0.0051212141655259304
1297;39.5;-9.526279441628825;0.003063720473361055
1298;38.0;-10.392304845413262;0.00031446630736685545
1299;36.5;-11.2583302491977;0.005285653776618014
1300;35.0;-12.12435565298214;0.0028000944464287403
1301;33.5;-12.990381056766578;0.0004624279068410522
1302;32.0;-13.856406460551016;0.0054707490495390955
1303;30.5;-14.722431864335457;0.0025122920832527694
1304;29.0;-15.588457268119894;0.000662956515015683
1305;27.5;-16.454482671904334;0.005667462271489481
1306;26.0;-17.320508075688767;0.0021971047861239234
1307;24.5;-18.18653347947321;0.0009276879518555797
1308;23.0;-19.05255888325765;0.005854736395100817
1309;21.5;-19.918584287042084;0.0018537320189305159
1310;20.0;-20.784609690826525;0.001263026796629902
1311;18.5;-21.650635094610962;0.005995657453975987
1312;17.0;-22.5166604983954;0.0014900139466808217
1313;15.5;-23.38268590217984;0.0016593859758933342
1314;14.0;-24.248711305964278;0.006043968670873604
1315;12.5;-25.114736709748716;0.0011305688871202982
1316;11.0;-25.980762113533157;0.0020810825952533325
1317;9.5;-26.846787517317594;0.005976523140134229
1318;8.0;-27.71281292110203;0.0008130830875981223
1319;6.5;-28.578838324886473;0.0024823358892125634
1320;5.0;-29.44486372867091;0.005822870226203823
1321;3.5;-30.310889132455348;0.0005617466333638871
1322;2.0;-31.17691453623979;0.0028381675299477436
1323;0.5;-32.042939940024226;0.00563324279993882
1324;69.5;9.526279441628821;0.004464949498262336
1325;68.0;8.660254037844387;0.004344821005210976
1326;66.5;7.794228634059947;3.1780285963495293e-06
1327;65.0;6.928203230275506;0.004574092985824437
1328;63.5;6.062177826491072;0.004209715377142924
1329;62.0;5.196152422706631;1.3232711584975454e-05
1330;60.5;4.33012701892219;0.0046778117447107284
1331;59.0;3.464101615137756;0.004057401852849096
1332;57.5;2.598076211353315;3.1732278280537076e-05
1333;56.0;1.7320508075688739;0.004782633631389339
1334;54.5;0.8660254037844364;0.0038870838427886556
1335;53.0;-1.1102230246251565e-15;6.133195327918575e-05
1336;51.5;-0.8660254037844386;0.004895358683095576
1337;50.0;-1.7320508075688796;0.003698727946482631
1338;48.5;-2.598076211353317;0.00010589021751536382
1339;47.0;-3.4641016151377544;0.005022490197706633
1340;45.5;-4.330127018922195;0.0034923239879114097
1341;44.0;-5.196152422706633;0.00017069765770946714
1342;42.5;-6.06217782649107;0.005169737131592691
1343;41.0;-6.928203230275511;0.0032672307150793264
1344;39.5;-7.794228634059949;0.00026282161586378526
1345;38.0;-8.660254037844387;0.005341283175775375
1346;36.5;-9.526279441628825;0.003021624379002806
1347;35.0;-10.392304845413266;0.0003915088751571392
1348;33.5;-11.258330249197703;0.005538344678337635
1349;32.0;-12.12435565298214;0.0027520909582775923
1350;30.5;-12.990381056766582;0.000568428661025134
1351;29.0;-13.85640646055102;0.005756364949163737
1352;27.5;-14.722431864335459;0.002453677352522482
1353;26.0;-15.588457268119896;0.0008070863507701171
1354;24.5;-16.454482671904334;0.005980122938885449
1355;23.0;-17.320508075688775;0.002121365061761505
1356;21.5;-18.18653347947321;0.0011196559814312926
1357;20.0;-19.05255888325765;0.006177028877943862
1358;18.5;-19.918584287042087;0.0017549851208258187
1359;17.0;-20.784609690826525;0.0015078412839856885
1360;15.5;-21.650635094610966;0.006294242206064783
1361;14.0;-22.516660498395403;0.0013695479395216595
1362;12.5;-23.38268590217984;0.0019464889989158378
1363;11.0;-24.24871130596428;0.00627942411653085
1364;9.5;-25.11473670974872;0.001004198534023918
1365;8.0;-25.980762113533157;0.0023807923791413386
1366;6.5;-26.846787517317598;0.0061367885967345565
1367;5.0;-27.712812921102035;0.0007014386963712676
1368;3.5;-28.578838324886473;0.0027674479411538525
1369;2.0;-29.444863728670914;0.0059252506200007955
1370;0.5;-30.31088913245535;0.0004743891837101294
1371;69.5;11.2583302491977;0.004464949498262339
1372;68.0;10.392304845413266;8.190636579225534e-07
1373;66.5;9.526279441628825;0.004583013632507761
1374;65.0;8.660254037844384;0.004336135381953816
1375;63.5;7.794228634059951;7.560969255918436e-06
1376;62.0;6.92820323027551;0.004694990245491765
1377;60.5;6.062177826491069;0.004193449706859711
1378;59.0;5.196152422706635;2.2059853875836797e-05
1379;57.5;4.330127018922194;0.004806770821079653
1380;56.0;3.4641016151377526;0.004035228280479498
1381;54.5;2.598076211353315;4.637753780736912e-05
1382;53.0;1.7320508075688774;0.00492494525212781
1383;51.5;0.8660254037844399;0.003860803945085061
1384;50.0;-1.1102230246251565e-15;8.371649209957463e-05
1385;48.5;-0.8660254037844386;0.005056271641256301
1386;47.0;-1.732050807568876;0.0036698433680354197
1387;45.5;-2.598076211353317;0.00013861862999715096
1388;44.0;-3.4641016151377544;0.0052072127279666714
1389;42.5;-4.330127018922192;0.003461645797066438
1390;41.0;-5.196152422706633;0.00021730266000517172
1391;39.5;-6.06217782649107;0.0053833724392211655
1392;38.0;-6.928203230275508;0.0032344595227912437
1393;36.5;-7.794228634059945;0.0003281452162692423
1394;35.0;-8.660254037844387;0.005588442668262471
1395;33.5;-9.526279441628825;0.002984816307381586
1396;32.0;-10.392304845413262;0.00048222756739016887
1397;30.5;-11.258330249197703;0.005822013075966655
1398;29.0;-12.12435565298214;0.0027070137272080636
1399;27.5;-12.99038105676658;0.000693590397065983
1400;26.0;-13.856406460551018;0.006075247315193485
1401;24.5;-14.722431864335457;0.002393361044710497
1402;23.0;-15.588457268119896;0.0009779990050521328
1403;21.5;-16.454482671904334;0.00632335722226257
1404;20.0;-17.32050807568877;0.002036971053220429
1405;18.5;-18.18653347947321;0.0013470026026662883
1406;17.0;-19.05255888325765;0.006516279350813216
1407;15.5;-19.918584287042087;0.0016406816204400745
1408;14.0;-20.784609690826525;0.001791732092683256
1409;12.5;-21.650635094610966;0.006581498619588748
1410;11.0;-22.516660498395403;0.0012336802925626868
1411;9.5;-23.38268590217984;0.002261356830296057
1412;8.0;-24.24871130596428;0.006477425693042789
1413;6.5;-25.11473670974872;0.0008728652784788786
1414;5.0;-25.980762113533157;0.002688730459416441
1415;3.5;-26.846787517317594;0.006255422175513691
1416;2.0;-27.712812921102035;0.0005938535498850094
1417;0.5;-28.578838324886473;0.0030465070566219363
1418;68.0;12.124355652982144;0.004586716118629545
1419;66.5;11.258330249197703;0.004461296498898907
1420;65.0;10.392304845413262;3.4173971699064607e-06
1421;63.5;9.526279441628828;0.004705831057154652
1422;62.0;8.660254037844387;0.004325729363454532
1423;60.5;7.794228634059947;1.4161284500968447e-05
1424;59.0;6.928203230275513;0.004823808460188764
1425;57.5;6.062177826491072;0.004177565254630866
1426;56.0;5.196152422706631;3.372627313149294e-05
1427;54.5;4.330127018922194;0.004946808574036691
1428;53.0;3.464101615137756;0.004015484237396565
1429;51.5;2.5980762113533187;6.468319385227473e-05
1430;50.0;1.7320508075688774;0.005081556871019051
1431;48.5;0.8660254037844399;0.0038387682058900643
1432;47.0;2.4424906541753444e-15;0.00011084369617568995
1433;45.5;-0.8660254037844386;0.0052349382999474685
1434;44.0;-1.732050807568876;0.00364663543700066
1435;42.5;-2.5980762113533133;0.00017756273364845384
1436;41.0;-3.4641016151377544;0.005413566385836632
1437;39.5;-4.330127018922192;0.003437509686372957
1438;38.0;-5.196152422706629;0.00027222227768836245
1439;36.5;-6.062177826491067;0.005623063347837131
1440;35.0;-6.928203230275508;0.0032082151421011277
1441;33.5;-7.794228634059945;0.0004049115762989752
1442;32.0;-8.660254037844384;0.005866511071476168
1443;30.5;-9.526279441628825;0.002953100417739789
1444;29.0;-10.392304845413262;0.000589185667074681
1445;27.5;-11.258330249197702;0.006141084903931011
1446;26.0;-12.124355652982139;0.0026633617604998744
1447;24.5;-12.990381056766578;0.0008422697203820973
1448;23.0;-13.856406460551018;0.006431232413412722
1449;21.5;-14.722431864335455;0.0023277309611885915
1450;20.0;-15.588457268119894;0.0011824467994703998
1451;18.5;-16.45448267190433;0.006696860801712137
1452;17.0;-17.320508075688767;0.001937931248163916
1453;15.5;-18.18653347947321;0.001617499291716532
1454;14.0;-19.052558883257646;0.006861502171135491
1455;12.5;-19.918584287042084;0.001505252175710407
1456;11.0;-20.784609690826525;0.0021162438739130885
1457;9.5;-21.650635094610962;0.00683557082631888
1458;8.0;-22.5166604983954;0.0010843012649654296
1459;6.5;-23.38268590217984;0.0025946963793033375
1460;5.0;-24.248711305964278;0.006625514445180598
1461;3.5;-25.114736709748716;0.0007419226601457849
1462;2.0;-25.980762113533157;0.0029945100178837944
1463;0.5;-26.846787517317594;0.006330475124756804
1464;68.0;13.85640646055102;0.004586716118629548
1465;66.5;12.990381056766578;8.692978976255046e-07
1466;65.0;12.124355652982137;0.004711663462008509
1467;63.5;11.258330249197703;0.004455621218115371
1468;62.0;10.392304845413262;8.00201310936663e-06
1469;60.5;9.526279441628821;0.004834897250699642
1470;59.0;8.660254037844387;0.0043152410426543055
1471;57.5;7.794228634059947;2.322811157193041e-05
1472;56.0;6.928203230275506;0.0049620077372644926
1473;54.5;6.062177826491069;0.00416362012188244
1474;53.0;5.196152422706631;4.852102739873051e-05
1475;51.5;4.330127018922194;0.005099450209163365
1476;50.0;3.4641016151377526;0.0039996079038720255
1477;48.5;2.598076211353315;8.699751525034202e-05
1478;47.0;1.7320508075688774;0.005254224115257989
1479;45.5;0.8660254037844364;0.003822286134077112
1480;44.0;-1.1102230246251565e-15;0.00014317307890997
1481;42.5;-0.8660254037844386;0.0054335540129825145
1482;41.0;-1.7320508075688796;0.003630264365090709
1483;39.5;-2.598076211353317;0.00022340271512508072
1484;38.0;-3.4641016151377544;0.005644432681381968
1485;36.5;-4.330127018922192;0.0034208377177010704
1486;35.0;-5.196152422706633;0.0003365749689141283
1487;33.5;-6.06217782649107;0.005892638464625079
1488;32.0;-6.928203230275508;0.0031889442648327425
1489;30.5;-7.794228634059949;0.0004950943750882256
1490;29.0;-8.660254037844387;0.006180409993628871
1491;27.5;-9.526279441628827;0.0029259366184274825
1492;26.0;-10.392304845413264;0.0007159534299371072
1493;24.5;-11.258330249197703;0.00650114076331967
1494;23.0;-12.124355652982143;0.002618684274175646
1495;21.5;-12.99038105676658;0.0010207003117944076
1496;20.0;-13.85640646055102;0.006828260354619306
1497;18.5;-14.722431864335457;0.0022512771742984493
1498;17.0;-15.588457268119896;0.0014297782921537223
1499;15.5;-16.454482671904334;0.007096392229196209
1500;14.0;-17.32050807568877;0.0018161267373531006
1501;12.5;-18.18653347947321;0.001939222605424969
1502;11.0;-19.05255888325765;0.007191079047981422
1503;9.5;-19.918584287042087;0.001345045376558129
1504;8.0;-20.784609690826525;0.0024749412032974514
1505;6.5;-21.650635094610966;0.0070336556395224235
1506;5.0;-22.516660498395403;0.0009277568229396296
1507;3.5;-23.38268590217984;0.0029331979137614053
1508;2.0;-24.24871130596428;0.006717502847147742
1509;0.5;-25.11473670974872;0.0006171332424189922
1510;66.5;14.722431864335457;0.0047138743341554445
1511;65.0;13.856406460551016;0.004584535273339523
1512;63.5;12.990381056766582;3.5763272911602853e-06
1513;62.0;12.12435565298214;0.004841268246537967
1514;60.5;11.2583302491977;0.004449509324016248
1515;59.0;10.392304845413266;1.4768119521787016e-05
1516;57.5;9.526279441628825;0.004971667070832248
1517;56.0;8.660254037844384;0.004306242272012723
1518;54.5;7.794228634059947;3.499196063888657e-05
1519;53.0;6.92820323027551;0.0051110808046791615
1520;51.5;6.062177826491072;0.004153123382230036
1521;50.0;5.196152422706631;6.671592244680027e-05
1522;48.5;4.330127018922194;0.005266361240659174
1523;47.0;3.464101615137756;0.0039890316400175456
1524;45.5;2.598076211353315;0.00011366516954393142
1525;44.0;1.7320508075688774;0.005444984101984506
1526;42.5;0.8660254037844399;0.0038127104735327533
1527;41.0;-1.1102230246251565e-15;0.00018119770416711602
1528;39.5;-0.8660254037844386;0.0056547899697301
1529;38.0;-1.732050807568876;0.003621966668053433
1530;36.5;-2.5980762113533133;0.000276939906550107
1531;35.0;-3.4641016151377544;0.0059034493577795255
1532;33.5;-4.330127018922192;0.0034126093732897906
1533;32.0;-5.196152422706629;0.00041179711815255305
1534;30.5;-6.06217782649107;0.006197067384673843
1535;29.0;-6.928203230275508;0.003176998274062011
1536;27.5;-7.794228634059947;0.0006014097122895168
1537;26.0;-8.660254037844386;0.006536598570991171
1538;24.5;-9.526279441628825;0.0029022296401090652
1539;23.0;-10.392304845413264;0.0008676895366428287
1540;21.5;-11.258330249197702;0.006909180821298608
1541;20.0;-12.12435565298214;0.00256895783574277
1542;18.5;-12.990381056766578;0.001238030868454732
1543;17.0;-13.856406460551018;0.007269273538661884
1544;15.5;-14.722431864335457;0.0021555292469057053
1545;14.0;-15.588457268119894;0.0017325613994914014
1546;12.5;-16.454482671904334;0.007508680675549976
1547;11.0;-17.32050807568877;0.0016616731187305825
1548;9.5;-18.18653347947321;0.002316051233345911
1549;8.0;-19.05255888325765;0.007469045758739061
1550;6.5;-19.918584287042087;0.001164045530242424
1551;5.0;-20.784609690826525;0.002852392200308165
1552;3.5;-21.650635094610962;0.007160223975501913
1553;2.0;-22.516660498395403;0.0007729160514357205
1554;0.5;-23.38268590217984;0.0032624895730381273
1555;66.5;16.454482671904334;0.004713874334155446
1556;65.0;15.58845726811989;8.995840477235597e-07
1557;63.5;14.722431864335457;0.004844203760724128
1558;62.0;13.856406460551016;0.004581679532427949
1559;60.5;12.990381056766575;8.26321224924646e-06
1560;59.0;12.12435565298214;0.004976960134918881
1561;57.5;11.2583302491977;0.004444504665195755
1562;56.0;10.392304845413259;2.3893370783652482e-05
1563;54.5;9.526279441628821;0.005117594613103318
1564;53.0;8.660254037844384;0.004300267259685695
1565;51.5;7.794228634059947;4.966150734443226e-05
1566;50.0;6.928203230275506;0.005272606054685313
1567;48.5;6.062177826491069;0.00414758123631643
1568;47.0;5.196152422706631;8.856537782678198e-05
1569;45.5;4.33012701892219;0.005449417207682341
1570;44.0;3.4641016151377526;0.003985238910413351
1571;42.5;2.598076211353315;0.00014503351217123734
1572;41.0;1.7320508075688739;0.0056562611900989115
1573;39.5;0.8660254037844364;0.00381150259362389
1574;38.0;-1.1102230246251565e-15;0.00022546705337506427
1575;36.5;-0.8660254037844386;0.0059019713369897414
1576;35.0;-1.7320508075688796;0.003623124543213148
1577;33.5;-2.598076211353317;0.0003391624716486904
1578;32.0;-3.4641016151377544;0.006195315772963791
1579;30.5;-4.330127018922195;0.0034139094233263056
1580;29.0;-5.196152422706633;0.0004998169839792627
1581;27.5;-6.062177826491072;0.006542953242228489
1582;26.0;-6.92820323027551;0.0031725706701379195
1583;24.5;-7.794228634059949;0.0007277524754117576
1584;23.0;-8.660254037844389;0.006943708263416174
1585;21.5;-9.526279441628827;0.0028799227758596765
1586;20.0;-10.392304845413266;0.001052132673317243
1587;18.5;-11.258330249197703;0.007373751438335123
1588;17.0;-12.124355652982143;0.0025074427313428954
1589;15.5;-12.990381056766582;0.001507951968141905
1590;14.0;-13.85640646055102;0.007753106438687539
1591;12.5;-14.722431864335459;0.0020275744088496814
1592;11.0;-15.588457268119898;0.0021058020503428912
1593;9.5;-16.454482671904334;0.007901253414567919
1594;8.0;-17.320508075688775;0.0014667575805330179
1595;6.5;-18.186533479473212;0.0027358684406786115
1596;5.0;-19.05255888325765;0.00766078370274758
1597;3.5;-19.918584287042087;0.0009740837683489721
1598;2.0;-20.784609690826528;0.0032281418154436786
1599;0.5;-21.650635094610966;0.007211334187047532
1600;65.0;17.32050807568877;0.00484501256306682
1601;63.5;16.454482671904337;0.004713076553141218
1602;62.0;15.588457268119894;3.6565454198329923e-06
1603;60.5;14.722431864335453;0.004979092538121729
1604;59.0;13.85640646055102;0.004579634008299995
1605;57.5;12.990381056766578;1.5057932847993724e-05
1606;56.0;12.124355652982137;0.005120147061034901
1607;54.5;11.2583302491977;0.004442126602021202
1608;53.0;10.392304845413262;3.5532830792653664e-05
1609;51.5;9.526279441628825;0.005274174955228712
1610;50.0;8.660254037844384;0.004298850610227499
1611;48.5;7.794228634059947;6.74204407266437e-05
1612;47.0;6.92820323027551;0.0054483051834098425
1613;45.5;6.062177826491069;0.004148551487636111
1614;44.0;5.196152422706631;0.00011430644758831652
1615;42.5;4.330127018922194;0.005650789697749492
1616;41.0;3.4641016151377526;0.003989834047265021
1617;39.5;2.598076211353315;0.00018146114030735986
1618;38.0;1.7320508075688774;0.0058910119968019975
1619;36.5;0.8660254037844399;0.003820318899349953
1620;35.0;-1.1102230246251565e-15;0.00027661985344301025
1621;33.5;-0.8660254037844386;0.0061793371948687835
1622;32.0;-1.732050807568876;0.003635362096402819
1623;30.5;-2.598076211353317;0.0004113456802705084
1624;29.0;-3.4641016151377544;0.006526257679114841
1625;27.5;-4.330127018922194;0.003425987591960584
1626;26.0;-5.196152422706631;0.0006033383233042773
1627;24.5;-6.06217782649107;0.006939300709541628
1628;23.0;-6.92820323027551;0.003175551096836359
1629;21.5;-7.794228634059947;0.0008799531433009992
1630;20.0;-8.660254037844387;0.007413469443009
1631;18.5;-9.526279441628825;0.0028551876334039304
1632;17.0;-10.392304845413264;0.0012813663930809464
1633;15.5;-11.258330249197703;0.00790440650287734
1634;14.0;-12.12435565298214;0.0024225462547798346
1635;12.5;-12.99038105676658;0.0018509897554024057
1636;11.0;-13.85640646055102;0.008266012589982915
1637;9.5;-14.722431864335457;0.0018489979410450039
1638;8.0;-15.588457268119896;0.002559421319836346
1639;6.5;-16.454482671904334;0.00820904875213075
1640;5.0;-17.32050807568877;0.001240474695776518
1641;3.5;-18.18653347947321;0.0031714454454138275
1642;2.0;-19.05255888325765;0.007748762229227053
1643;0.5;-19.918584287042087;0.0007897693884336443
1644;65.0;19.05255888325765;0.004845012563066824
1645;63.5;18.186533479473216;9.106391333598399e-07
1646;62.0;17.320508075688775;0.00497928654823339
1647;60.5;16.454482671904334;0.004712887800544588
1648;59.0;15.588457268119898;8.350319684892598e-06
1649;57.5;14.722431864335457;0.005119895982889373
1650;56.0;13.856406460551016;0.004579871470252582
1651;54.5;12.990381056766578;2.406807372562149e-05
1652;53.0;12.12435565298214;0.005272244438736235
1653;51.5;11.258330249197703;0.0044438986471114295
1654;50.0;10.392304845413262;4.9813875121580825e-05
1655;48.5;9.526279441628825;0.00544298903215357
1656;47.0;8.660254037844387;0.00430357524290692
1657;45.5;7.794228634059947;8.84236616105003e-05
1658;44.0;6.92820323027551;0.00564011053832804
1659;42.5;6.062177826491072;0.004157711068365402
1660;41.0;5.196152422706631;0.00014415848050365038
1661;39.5;4.330127018922194;0.005873058785554006
1662;38.0;3.464101615137756;0.004004633922369467
1663;36.5;2.5980762113533187;0.00022332911122800836
1664;35.0;1.7320508075688774;0.0061529310232490055
1665;33.5;0.8660254037844399;0.003841132121690864
1666;32.0;2.4424906541753444e-15;0.0003354317627928115
1667;30.5;-0.8660254037844386;0.006492430978161544
1668;29.0;-1.732050807568876;0.0036606853533094476
1669;27.5;-2.598076211353315;0.0004952102535691604
1670;26.0;-3.4641016151377526;0.006904759523884435
1671;24.5;-4.330127018922192;0.003450331099662472
1672;23.0;-5.196152422706631;0.0007263260478869749
1673;21.5;-6.062177826491069;0.007398757846655474
1674;20.0;-6.928203230275508;0.0031851916834859466
1675;18.5;-7.794228634059945;0.001067168876279818
1676;17.0;-8.660254037844386;0.007962016863519958
1677;15.5;-9.526279441628825;0.00282073060229283
1678;14.0;-10.392304845413262;0.001575086586421949
1679;12.5;-11.258330249197702;0.008508678652212573
1680;11.0;-12.12435565298214;0.0022938815813715978
1681;9.5;-12.990381056766578;0.0022961000546174093
1682;8.0;-13.856406460551018;0.008759219072706345
1683;6.5;-14.722431864335457;0.0016010463571430962
1684;5.0;-15.588457268119894;0.0030673240610457103
1685;3.5;-16.454482671904334;0.008378832201759135
1686;2.0;-17.32050807568877;0.001005617077046481
1687;0.5;-18.18653347947321;0.0035909119043462576
1688;63.5;19.91858428704209;0.004978769851259149
1689;62.0;19.05255888325765;0.004845522272300384
1690;60.5;18.18653347947321;3.6618048247186553e-06
1691;59.0;17.320508075688775;0.0051179955764849554
1692;57.5;16.454482671904334;0.004714711451755025
1693;56.0;15.58845726811989;1.504431973316528e-05
1694;54.5;14.722431864335455;0.005267953652864192
1695;53.0;13.856406460551018;0.0045838722894227584
1696;51.5;12.99038105676658;3.5374536080406754e-05
1697;50.0;12.124355652982139;0.005434707341050141
1698;48.5;11.258330249197702;0.004451387762511393
1699;47.0;10.392304845413264;6.683021958355216e-05
1700;45.5;9.526279441628823;0.005625753954750862
1701;44.0;8.660254037844386;0.004316133087383142
1702;42.5;7.794228634059949;0.00011279191917862618
1703;41.0;6.928203230275508;0.005850248455969985
1704;39.5;6.06217782649107;0.004176944209759678
1705;38.0;5.196152422706633;0.00017832150341756542
1706;36.5;4.330127018922195;0.0061193660416064
1707;35.0;3.4641016151377544;0.004031795490367887
1708;33.5;2.598076211353317;0.00027105517498530427
1709;32.0;1.7320508075688792;0.006446751294103296
1710;30.5;0.8660254037844382;0.0038764105100582663
1711;29.0;6.661338147750939e-16;0.0004028861825712227
1712;27.5;-0.8660254037844386;0.0068487074622070165
1713;26.0;-1.732050807568876;0.0037016957396587354
1714;24.5;-2.598076211353315;0.0005931837358637195
1715;23.0;-3.4641016151377544;0.007342768548949827
1716;21.5;-4.330127018922192;0.0034887445859784166
1717;20.0;-5.196152422706631;0.0008748894394233777
1718;18.5;-6.062177826491069;0.007939710518531018
1719;17.0;-6.928203230275508;0.003199325848116774
1720;15.5;-7.794228634059947;0.0013046243134366103
1721;14.0;-8.660254037844386;0.008611452341609939
1722;12.5;-9.526279441628825;0.00276204259617536
1723;11.0;-10.392304845413262;0.0019667464641297274
1724;9.5;-11.258330249197702;0.00917996273585128
1725;8.0;-12.12435565298214;0.0020860285441735202
1726;6.5;-12.990381056766578;0.0028705616205456823
1727;5.0;-13.856406460551018;0.009100493166540722
1728;3.5;-14.722431864335457;0.0013070056838026024
1729;2.0;-15.588457268119894;0.0035789702295639545
1730;0.5;-16.454482671904334;0.008397098587743922
1731;63.5;21.65063509461097;0.004978769851259154
1732;62.0;20.784609690826528;9.036647976834474e-07
1733;60.5;19.918584287042087;0.005115592461640243
1734;59.0;19.052558883257653;0.004847861100145296
1735;57.5;18.186533479473212;8.273740872168055e-06
1736;56.0;17.32050807568877;0.005262408102863243
1737;54.5;16.454482671904334;0.004719960570311565
1738;53.0;15.588457268119894;2.3778980387029427e-05
1739;51.5;14.722431864335457;0.0054246097392014895
1740;50.0;13.856406460551016;0.004593154854117965
1741;48.5;12.990381056766578;4.902445203494648e-05
1742;47.0;12.12435565298214;0.00560906576546378
1743;45.5;11.2583302491977;0.004466255715692058
1744;44.0;10.392304845413262;8.663407012425243e-05
1745;42.5;9.526279441628825;0.0058243818268988445
1746;41.0;8.660254037844384;0.004338404106908063
1747;39.5;7.794228634059947;0.0001406034836468297
1748;38.0;6.92820323027551;0.006081346790271418
1749;36.5;6.062177826491072;0.004208463236816113
1750;35.0;5.196152422706631;0.00021697159812279562
1751;33.5;4.330127018922194;0.006393629498368897
1752;32.0;3.464101615137756;0.004074002164598651
1753;30.5;2.598076211353315;0.0003251110997104694
1754;29.0;1.7320508075688774;0.0067786984070214214
1755;27.5;0.8660254037844382;0.003929395815030214
1756;26.0;6.661338147750939e-16;0.0004802827984106459
1757;24.5;-0.8660254037844386;0.00725851623321162
1758;23.0;-1.7320508075688779;0.0037619322180440216
1759;21.5;-2.598076211353315;0.0007088565624189678
1760;20.0;-3.4641016151377544;0.007857781014363775
1761;18.5;-4.330127018922192;0.0035434069678461854
1762;17.0;-5.196152422706631;0.0010590123411802078
1763;15.5;-6.06217782649107;0.00858998407627282
1764;14.0;-6.928203230275509;0.003212432840264939
1765;12.5;-7.794228634059947;0.0016194807523412956
1766;11.0;-8.660254037844386;0.009390221247864436
1767;9.5;-9.526279441628825;0.0026485542822172383
1768;8.0;-10.392304845413264;0.002513925397860739
1769;6.5;-11.258330249197703;0.009850698246185022
1770;5.0;-12.12435565298214;0.0017488189432193647
1771;3.5;-12.99038105676658;0.0035098481505541432
1772;2.0;-13.856406460551018;0.009211590058063423
1773;0.5;-14.722431864335457;0.0010119517328821882
1774;62.0;22.516660498395407;0.00511382475981329
1775;60.5;21.650635094610966;0.00498051405663637
1776;59.0;20.78460969082653;3.5977999821079305e-06
1777;57.5;19.91858428704209;0.005256684196412609
1778;56.0;19.05255888325765;0.004853357983853487
1779;54.5;18.18653347947321;1.4749348501018815e-05
1780;53.0;17.320508075688775;0.005413771937465061
1781;51.5;16.454482671904334;0.004730080460981507
1782;50.0;15.58845726811989;3.456419358612849e-05
1783;48.5;14.722431864335455;0.005591235468526435
1784;47.0;13.856406460551018;0.004609316885305659
1785;45.5;12.990381056766577;6.502237779329058e-05
1786;44.0;12.124355652982139;0.005796963595308515
1787;42.5;11.258330249197702;0.00449032605948364
1788;41.0;10.39230484541326;0.00010922496507177367
1789;39.5;9.526279441628823;0.006041050779329118
1790;38.0;8.660254037844386;0.004372562760197424
1791;36.5;7.794228634059949;0.000171880516127903
1792;35.0;6.928203230275508;0.006336577942226303
1793;33.5;6.06217782649107;0.004254981424247346
1794;32.0;5.196152422706633;0.00026024993874528295
1795;30.5;4.330127018922192;0.006700854625935578
1796;29.0;3.4641016151377544;0.004134748986154829
1797;27.5;2.598076211353315;0.000386042264828798
1798;26.0;1.7320508075688774;0.007157202020515527
1799;24.5;0.8660254037844382;0.004004557213637809
1800;23.0;-1.1102230246251565e-15;0.0005694109768391737
1801;21.5;-0.8660254037844386;0.007736777353704392
1802;20.0;-1.7320508075688779;0.003846451293135489
1803;18.5;-2.598076211353315;0.0008478347713852437
1804;17.0;-3.4641016151377544;0.008476699478953737
1805;15.5;-4.330127018922194;0.003616783176091491
1806;14.0;-5.196152422706632;0.001296276436995008
1807;12.5;-6.06217782649107;0.00939369971341381
1808;11.0;-6.928203230275509;0.003210398807960235
1809;9.5;-7.794228634059947;0.0020647070127716672
1810;8.0;-8.660254037844387;0.010323203612891567
1811;6.5;-9.526279441628825;0.0024119515389783527
1812;5.0;-10.392304845413264;0.0032984117938884006
1813;3.5;-11.258330249197703;0.01021370046743005
1814;2.0;-12.12435565298214;0.0013493175042006782
1815;0.5;-12.99038105676658;0.004117255023405954
1816;62.0;24.24871130596428;0.005113824759813294
1817;60.5;23.38268590217984;8.803210824353924e-07
1818;59.0;22.516660498395407;0.005251834798361282
1819;57.5;21.650635094610966;0.004985236557910093
1820;56.0;20.784609690826525;8.048275446000989e-06
1821;54.5;19.918584287042087;0.0054032105683905415
1822;53.0;19.05255888325765;0.00486336782358367
1823;51.5;18.186533479473212;2.3066487932803298e-05
1824;50.0;17.32050807568877;0.005573326091800692
1825;48.5;16.454482671904334;0.004746580587888684
1826;47.0;15.588457268119894;4.737037874688508e-05
1827;45.5;14.722431864335453;0.005769252490501639
1828;44.0;13.856406460551016;0.004634089630655752
1829;42.5;12.990381056766578;8.331852627717855e-05
1830;41.0;12.124355652982137;0.006000201883275036
1831;39.5;11.2583302491977;0.004525672949414956
1832;38.0;10.392304845413262;0.00013453310007941635
1833;36.5;9.526279441628825;0.006278292570842454
1834;35.0;8.660254037844384;0.0044212265237628095
1835;33.5;7.794228634059947;0.00020656607086321863
1836;32.0;6.92820323027551;0.006619853566641249
1837;30.5;6.062177826491069;0.004319970712759856
1838;29.0;5.196152422706631;0.00030823891413146753
1839;27.5;4.330127018922192;0.007047597823013879
1840;26.0;3.4641016151377544;0.00421879998420944
1841;24.5;2.598076211353315;0.0004544860087763788
1842;23.0;1.7320508075688756;0.007594060132670689
1843;21.5;0.8660254037844382;0.004108376543166719
1844;20.0;-1.1102230246251565e-15;0.0006728414388884365
1845;18.5;-0.8660254037844386;0.008306019804850993
1846;17.0;-1.7320508075688779;0.0039628775791821485
1847;15.5;-2.598076211353317;0.0010194799343911651
1848;14.0;-3.4641016151377553;0.009243579585970765
1849;12.5;-4.330127018922194;0.0037109127190578595
1850;11.0;-5.196152422706632;0.0016209255076625464
1851;9.5;-6.06217782649107;0.010424293303272932
1852;8.0;-6.92820323027551;0.00315440838787567
1853;6.5;-7.794228634059948;0.002755362199849176
1854;5.0;-8.660254037844387;0.011351501304040121
1855;3.5;-9.526279441628827;0.0019036687685818445
1856;2.0;-10.392304845413264;0.004138322739268383
1857;0.5;-11.258330249197703;0.010180587492512801
1858;60.5;25.11473670974872;0.005248896105155091
1859;59.0;24.248711305964285;0.005116725400796089
1860;57.5;23.382685902179844;3.472022137749678e-06
1861;56.0;22.516660498395403;0.005393897149599792
1862;54.5;21.650635094610966;0.004994190374890977
1863;53.0;20.784609690826528;1.4202975055888245e-05
1864;51.5;19.91858428704209;0.005556302403652463
1865;50.0;19.05255888325765;0.00487929548995528
1866;48.5;18.186533479473212;3.316930823584588e-05
1867;47.0;17.320508075688775;0.005742312332784362
1868;45.5;16.454482671904334;0.004771076742936594
1869;44.0;15.588457268119894;6.211721443216927e-05
1870;42.5;14.722431864335457;0.005960155948985031
1871;41.0;13.856406460551016;0.0046694087049404115
1872;39.5;12.990381056766578;0.00010379224730112357
1873;38.0;12.12435565298214;0.006220786469505276
1874;36.5;11.258330249197703;0.00457474170900827
1875;35.0;10.392304845413262;0.00016239355902362512
1876;33.5;9.526279441628825;0.006539101456542316
1877;32.0;8.660254037844387;0.0044876702785940775
1878;30.5;7.794228634059947;0.0002444844473716289
1879;29.0;6.92820323027551;0.0069360944434112845
1880;27.5;6.06217782649107;0.004408062050910946
1881;26.0;5.196152422706633;0.0003609119245227345
1882;24.5;4.330127018922194;0.00744267983760179
1883;23.0;3.4641016151377544;0.004332960545552225
1884;21.5;2.598076211353317;0.0005311773884585998
1885;20.0;1.7320508075688774;0.00810644638611994
1886;18.5;0.8660254037844399;0.004250802734401044
1887;17.0;6.661338147750939e-16;0.0007944493089600845
1888;15.5;-0.8660254037844386;0.009002344665007931
1889;14.0;-1.732050807568877;0.004123468683882689
1890;12.5;-2.598076211353315;0.001240890458422685
1891;11.0;-3.4641016151377535;0.01023698372223031
1892;9.5;-4.330127018922192;0.0038240259742162268
1893;8.0;-5.196152422706631;0.00211005255822622
1894;6.5;-6.0621778264910695;0.011806053360740336
1895;5.0;-6.928203230275508;0.0029216057769183633
1896;3.5;-7.794228634059947;0.003957966512622371
1897;2.0;-8.660254037844386;0.011655545018081442
1898;0.5;-9.526279441628825;0.0013372991269333758
1899;60.5;26.846787517317598;0.005248896105155093
1900;59.0;25.980762113533164;8.42680064597015e-07
1901;57.5;25.114736709748723;0.005386771119043193
1902;56.0;24.24871130596428;0.005123670576109762
1903;54.5;23.38268590217984;7.692690442661823e-06
1904;53.0;22.516660498395407;0.005541055949793843
1905;51.5;21.650635094610966;0.005008665456872794
1906;50.0;20.784609690826525;2.198348573395352e-05
1907;48.5;19.91858428704209;0.005717058748156201
1908;47.0;19.05255888325765;0.004902627637758217
1909;45.5;18.18653347947321;4.495789972797436e-05
1910;44.0;17.320508075688775;0.005921984106320027
1911;42.5;16.454482671904334;0.004805345416782639
1912;41.0;15.58845726811989;7.865870780061054e-05
1913;39.5;14.722431864335455;0.006165534853363258
1914;38.0;13.856406460551018;0.004717507582537142
1915;36.5;12.99038105676658;0.00012622804684978453
1916;35.0;12.124355652982139;0.006460978170084954
1917;33.5;11.258330249197702;0.004640516647562559
1918;32.0;10.392304845413264;0.0001925054922870521
1919;30.5;9.526279441628823;0.00682706817338845
1920;29.0;8.660254037844386;0.00457614634843145
1921;27.5;7.794228634059947;0.000285271433424714
1922;26.0;6.92820323027551;0.007291609231042317
1923;24.5;6.06217782649107;0.0045256949340987205
1924;23.0;5.196152422706631;0.0004180282944259264
1925;21.5;4.330127018922194;0.007898323601949156
1926;20.0;3.4641016151377544;0.00448746183987824
1927;18.5;2.598076211353317;0.0006169076494403219
1928;17.0;1.7320508075688774;0.008720600894760424
1929;15.5;0.8660254037844382;0.004448184248764264
1930;14.0;-2.220446049250313e-16;0.0009404309080020925
1931;12.5;-0.8660254037844386;0.009888416147001398
1932;11.0;-1.732050807568877;0.004349627432975443
1933;9.5;-2.598076211353315;0.0015475782483684284
1934;8.0;-3.4641016151377544;0.011615238903218287
1935;6.5;-4.330127018922193;0.003933843029944775
1936;5.0;-5.196152422706631;0.002981573202106302
1937;3.5;-6.06217782649107;0.013680636273397074
1938;2.0;-6.928203230275509;0.0020293653495220437
1939;0.5;-7.794228634059947;0.005096781790495832
1940;59.0;27.71281292110204;0.005382752169643295
1941;57.5;26.846787517317598;0.00525286477856123
1942;56.0;25.980762113533157;3.293522051090168e-06
1943;54.5;25.11473670974872;0.005528426544492795
1944;53.0;24.24871130596428;0.005135829141315795
1945;51.5;23.382685902179844;1.3442076593446288e-05
1946;50.0;22.516660498395403;0.005694299228878999
1947;48.5;21.650635094610966;0.005030012250235686
1948;47.0;20.784609690826528;3.127569773312026e-05
1949;45.5;19.918584287042087;0.005886546328450184
1950;44.0;19.05255888325765;0.004934973076975831
1951;42.5;18.186533479473212;5.8275360044990885e-05
1952;41.0;17.32050807568877;0.006113609363706295
1953;39.5;16.454482671904334;0.004851393497313818
1954;38.0;15.588457268119894;9.676273970520001e-05
1955;36.5;14.722431864335457;0.006387084932872971
1956;35.0;13.856406460551016;0.004781042708113996
1957;33.5;12.990381056766578;0.00015027995210542384
1958;32.0;12.12435565298214;0.0067233395118327325
1959;30.5;11.2583302491977;0.0047267604420609816
1960;29.0;10.392304845413262;0.00022436608521532686
1961;27.5;9.526279441628823;0.007146538197395195
1962;26.0;8.660254037844386;0.00469237875438806
1963;24.5;7.794228634059947;0.0003282486846664691
1964;23.0;6.928203230275508;0.007694627468510729
1965;21.5;6.06217782649107;0.004682223255753327
1966;20.0;5.196152422706631;0.0004789091490700921
1967;18.5;4.330127018922194;0.008432041069022563
1968;17.0;3.4641016151377544;0.004698627041211559
1969;15.5;2.598076211353315;0.0007123266516686862
1970;14.0;1.7320508075688765;0.009479194554370574
1971;12.5;0.8660254037844382;0.0047298726573438135
1972;11.0;-2.220446049250313e-16;0.0011215004162199128
1973;9.5;-0.8660254037844386;0.011086189706672708
1974;8.0;-1.7320508075688779;0.004683314553857688
1975;6.5;-2.598076211353316;0.002029832456869097
1976;5.0;-3.4641016151377544;0.01376495372282402
1977;3.5;-4.330127018922194;0.003888828012394386
1978;2.0;-5.196152422706632;0.005171878599790866
1979;0.5;-6.06217782649107;0.013558326353848026
1980;59.0;29.444863728670917;0.005382752169643301
1981;57.5;28.578838324886476;7.931539626463384e-07
1982;56.0;27.712812921102035;0.005519220468014531
1983;54.5;26.846787517317598;0.005261846060888514
1984;53.0;25.98076211353316;7.229054926995042e-06
1985;51.5;25.114736709748723;0.005674766065413654
1986;50.0;24.24871130596428;0.005154412447086793
1987;48.5;23.382685902179844;2.059345633979771e-05
1988;47.0;22.516660498395407;0.005854552450470374
1989;45.5;21.650635094610966;0.005059670888770752
1990;44.0;20.784609690826528;4.1918736148402965e-05
1991;42.5;19.91858428704209;0.006065791830778124
1992;41.0;19.05255888325765;0.0049781129082950674
1993;39.5;18.186533479473212;7.289108924663573e-05
1994;38.0;17.320508075688775;0.006318461496715689
1995;36.5;16.454482671904337;0.0049115476543442615
1996;35.0;15.588457268119894;0.00011608242855373313
1997;33.5;14.722431864335457;0.006626604193404234
1998;32.0;13.85640646055102;0.004863263137485831
1999;30.5;12.990381056766578;0.0001754176536110938
2000;29.0;12.12435565298214;0.007010762161203723
2001;27.5;11.2583302491977;0.004838363425533304
2002;26.0;10.392304845413262;0.0002571616435616275
2003;24.5;9.526279441628825;0.007502777437813467
2004;23.0;8.660254037844384;0.004844353637581552
2005;21.5;7.794228634059947;0.00037219101606419513
2006;20.0;6.928203230275509;0.008156034443401
2007;18.5;6.062177826491071;0.004891904752666992
2008;17.0;5.196152422706632;0.000541940425592466
2009;15.5;4.330127018922193;0.009069891936527541
2010;14.0;3.4641016151377544;0.004994490162287141
2011;12.5;2.598076211353316;0.0008172214634450669
2012;11.0;1.7320508075688774;0.010457696620115035
2013;9.5;0.866025403784439;0.005155551051567858
2014;8.0;-2.220446049250313e-16;0.0013583816671877665
2015;6.5;-0.8660254037844386;0.012879618898977884
2016;5.0;-1.732050807568877;0.005223021930734624
2017;3.5;-2.598076211353316;0.003021005152952076
2018;2.0;-3.4641016151377544;0.018030109351625547
2019;0.5;-4.330127018922193;0.0019824268420866593
2020;57.5;30.31088913245535;0.005514225868650664
2021;56.0;29.44486372867091;0.005387686881143371
2022;54.5;28.578838324886473;3.072563642621304e-06
2023;53.0;27.712812921102035;0.005659142669921496
2024;51.5;26.846787517317598;0.0052769114470842616
2025;50.0;25.980762113533157;1.2508998851824875e-05
2026;48.5;25.11473670974872;0.005826610592441006
2027;47.0;24.24871130596428;0.0051806951302167115
2028;45.5;23.38268590217984;2.8984049188486765e-05
2029;44.0;22.516660498395403;0.006022665102790842
2030;42.5;21.650635094610966;0.005099206075542332
2031;41.0;20.784609690826525;5.3691526978104706e-05
2032;39.5;19.918584287042087;0.006255761354486856
2033;38.0;19.05255888325765;0.005034061842077979
2034;36.5;18.186533479473212;8.847878162533855e-05
2035;35.0;17.32050807568877;0.006537788193393286
2036;33.5;16.454482671904334;0.004988568829066384
2037;32.0;15.588457268119894;0.0001361155456004388
2038;30.5;14.722431864335455;0.00688595143555712
2039;29.0;13.856406460551018;0.004968242531351833
2040;27.5;12.990381056766578;0.00020084412964973457
2041;26.0;12.12435565298214;0.00732643653363907
2042;24.5;11.258330249197702;0.004981863072922341
2043;23.0;10.392304845413262;0.0002895845301252956
2044;21.5;9.526279441628825;0.007902079909452877
2045;20.0;8.660254037844386;0.005043629215109772
2046;18.5;7.794228634059949;0.0004148803967765001
2047;17.0;6.92820323027551;0.008690297814867683
2048;15.5;6.06217782649107;0.005177718653086648
2049;14.0;5.196152422706631;0.0006034035236895791
2050;12.5;4.330127018922194;0.009852307898356484
2051;11.0;3.4641016151377544;0.00542812267542244
2052;9.5;2.598076211353316;0.0009278550917330324
2053;8.0;1.732050807568877;0.011806646968627954
2054;6.5;0.8660254037844386;0.005872490852409627
2055;5.0;2.220446049250313e-16;0.0016989178414557697
2056;3.5;-0.8660254037844386;0.016188528620405294
2057;2.0;-1.7320508075688772;0.006290483995070236
2058;0.5;-2.598076211353316;0.008055383899889027
2059;57.5;32.042939940024226;0.00551422586865067
2060;56.0;31.17691453623979;7.343965717391124e-07
2061;54.5;30.31088913245535;0.005648084226560539
2062;53.0;29.444863728670914;0.005398487525380048
2063;51.5;28.578838324886476;6.681813786924807e-06
2064;50.0;27.712812921102035;0.005803264310286961
2065;48.5;26.846787517317598;0.005299174908159934
2066;47.0;25.98076211353316;1.896770056752915e-05
2067;45.5;25.11473670974872;0.0059846824632298744
2068;44.0;24.24871130596428;0.005216038664766367
2069;42.5;23.382685902179844;3.840412454394086e-05
2070;41.0;22.516660498395403;0.006199385367517023
2071;39.5;21.650635094610966;0.005150347399581622
2072;38.0;20.784609690826528;6.629620586029367e-05
2073;36.5;19.91858428704209;0.006457317996022257
2074;35.0;19.05255888325765;0.005105141689085963
2075;33.5;18.186533479473212;0.00010458721343270389
2076;32.0;17.320508075688775;0.006772739917339726
2077;30.5;16.454482671904334;0.0050857973339968636
2078;29.0;15.588457268119894;0.00015614681519032184
2079;27.5;14.722431864335455;0.007166927842975911
2080;26.0;13.856406460551018;0.005101195941740331
2081;24.5;12.990381056766578;0.00022536889865024717
2082;23.0;12.124355652982139;0.007673671969855018
2083;21.5;11.258330249197702;0.005166225563916358
2084;20.0;10.392304845413262;0.000319520294761549
2085;18.5;9.526279441628825;0.008351606838014907
2086;17.0;8.660254037844386;0.005307582021663863
2087;15.5;7.794228634059947;0.0004522172600176612
2088;14.0;6.928203230275509;0.009316233875122265
2089;12.5;6.06217782649107;0.005579271203057213
2090;11.0;5.196152422706632;0.0006544897960631276
2091;9.5;4.330127018922194;0.010844412355268463
2092;8.0;3.4641016151377544;0.006114877446793927
2093;6.5;2.598076211353316;0.0010256785622652445
2094;5.0;1.7320508075688774;0.013888648433797517
2095;3.5;0.8660254037844386;0.007398789712758468
2096;2.0;0.0;0.0022964775724839295
2097;0.5;-0.8660254037844386;0.028582758495985693
2098;44.5;-64.9519052838329;0.00395209497363913
2099;43.0;-65.81793068761733;0.003952094973639131
2100;46.0;-62.35382907247957;0.003907264928842312
2101;44.5;-63.21985447626401;0.0039072649288423135
2102;43.0;-64.08587988004845;1.2785705762610542e-07
2103;41.5;-64.95190528383289;0.003997180732551201
2104;40.0;-65.81793068761732;0.0039971807325512015
2105;47.5;-59.75575286112627;0.003839647634036926
2106;46.0;-60.6217782649107;0.0038396476340369274
2107;44.5;-61.48780366869514;2.950972792122839e-07
2108;43.0;-62.353829072479584;0.0039754724182061215
2109;41.5;-63.21985447626402;0.003930509601901487
2110;40.0;-64.08587988004845;2.8035392862903335e-07
2111;38.5;-64.9519052838329;0.004064412571058175
2112;37.0;-65.81793068761733;0.004064412571058176
2113;49.0;-57.157676649772945;0.0037544802105562193
2114;47.5;-58.023702053557386;0.0037544802105562215
2115;46.0;-58.88972745734182;4.775873056403907e-07
2116;44.5;-59.75575286112626;0.003925770232128911
2117;43.0;-60.6217782649107;0.0038579923064309195
2118;41.5;-61.487803668695136;8.809864654433578e-07
2119;40.0;-62.35382907247958;0.0040490804479398
2120;38.5;-63.21985447626402;0.003981976067368251
2121;37.0;-64.08587988004845;4.222984858185118e-07
2122;35.5;-64.9519052838329;0.004147693671719736
2123;34.0;-65.81793068761733;0.004147693671719738
2124;50.5;-54.559600438419636;0.0036542416552521823
2125;49.0;-55.42562584220408;0.0036542416552521858
2126;47.5;-56.29165124598852;6.781350426278449e-07
2127;46.0;-57.15767664977295;0.0038560750359455114
2128;44.5;-58.02370205355739;0.0037707245978337097
2129;43.0;-58.889727457341834;1.5618530662430131e-06
2130;41.5;-59.75575286112627;0.0040148038566091525
2131;40.0;-60.62177826491071;0.0038967396816079357
2132;38.5;-61.48780366869515;1.4605063912275658e-06
2133;37.0;-62.353829072479584;0.004135958067275726
2134;35.5;-63.219854476264025;0.0040527954669048885
2135;34.0;-64.08587988004847;5.491118059310601e-07
2136;32.5;-64.9519052838329;0.0042436901001464515
2137;31.0;-65.81793068761735;0.004243690100146454
2138;52.0;-51.96152422706632;0.0035404211423961268
2139;50.5;-52.827549630850754;0.003540421142396129
2140;49.0;-53.693575034635195;9.003840904510318e-07
2141;47.5;-54.559600438419636;0.0037698629362891384
2142;46.0;-55.42562584220407;0.003669417856133647
2143;44.5;-56.29165124598851;2.315214663941504e-06
2144;43.0;-57.15767664977295;0.003959909145268863
2145;41.5;-58.023702053557386;0.003804184047311423
2146;40.0;-58.88972745734183;2.8372440632781525e-06
2147;38.5;-59.75575286112627;0.00410987197105063
2148;37.0;-60.6217782649107;0.003956380945912206
2149;35.5;-61.48780366869514;1.99274359932899e-06
2150;34.0;-62.353829072479584;0.004234523373742402
2151;32.5;-63.21985447626402;0.004138631274916928
2152;31.0;-64.08587988004845;6.583969852333847e-07
2153;29.5;-64.9519052838329;0.004350065719346449
2154;28.0;-65.81793068761733;0.0043500657193464515
2155;53.5;-49.363448015713;0.0034140557149473934
2156;52.0;-50.22947341949744;0.0034140557149473956
2157;50.5;-51.09549882328187;1.1481481516194178e-06
2158;49.0;-51.96152422706631;0.0036690828661480957
2159;47.5;-52.827549630850754;0.003555029627603571
2160;46.0;-53.69357503463519;3.151123357546463e-06
2161;44.5;-54.55960043841963;0.003887629792426148
2162;43.0;-55.42562584220407;0.0037002009952910274
2163;41.5;-56.291651245988504;4.403834650320472e-06
2164;40.0;-57.157676649772945;0.004067454623925607
2165;38.5;-58.023702053557386;0.0038554397189711396
2166;37.0;-58.88972745734182;4.064642711956395e-06
2167;35.5;-59.75575286112626;0.004214069522648733
2168;34.0;-60.6217782649107;0.004032785862219771
2169;32.5;-61.487803668695136;2.461749198118702e-06
2170;31.0;-62.35382907247958;0.004342966967181862
2171;29.5;-63.21985447626402;0.0042366787165682
2172;28.0;-64.08587988004845;7.486640014022879e-07
2173;26.5;-64.95190528383289;0.004464950050127506
2174;25.0;-65.81793068761733;0.004464950050127509
2175;55.0;-46.76537180435969;0.0032759590893208235
2176;53.5;-47.63139720814413;0.003275959089320827
2177;52.0;-48.49742261192857;1.4254609673094043e-06
2178;50.5;-49.363448015713004;0.0035550032625085793
2179;49.0;-50.229473419497445;0.0034283755064395682
2180;47.5;-51.095498823281886;4.082919561306499e-06
2181;46.0;-51.96152422706632;0.0038000681447970305
2182;44.5;-52.82754963085076;0.003584363301899709
2183;43.0;-53.6935750346352;6.156889494071769e-06
2184;41.5;-54.559600438419636;0.004008230232865285
2185;40.0;-55.42562584220408;0.003746915545873218
2186;38.5;-56.29165124598852;6.576893201202224e-06
2187;37.0;-57.15767664977295;0.004180493080849992
2188;35.5;-58.02370205355739;0.003923849375145864
2189;34.0;-58.889727457341834;5.176663279485939e-06
2190;32.5;-59.75575286112627;0.004326935704095356
2191;31.0;-60.62177826491071;0.004122982042048409
2192;29.5;-61.48780366869515;2.8586008982746315e-06
2193;28.0;-62.353829072479584;0.004459637054721048
2194;26.5;-63.219854476264025;0.004344821542228356
2195;25.0;-64.08587988004847;8.190637591583822e-07
2196;23.5;-64.9519052838329;0.004586716685545004
2197;22.0;-65.81793068761733;0.0045867166855450055
2198;56.5;-44.16729559300637;0.0031268387892008807
2199;55.0;-45.033320996790806;0.0031268387892008837
2200;53.5;-45.89934640057525;1.7367313919428877e-06
2201;52.0;-46.76537180435969;0.0034285528522246486
2202;50.5;-47.63139720814412;0.003290160313417918
2203;49.0;-48.49742261192856;5.125374753363898e-06
2204;47.5;-49.363448015713004;0.0036986175292236176
2205;46.0;-50.22947341949744;0.003456926911886764
2206;44.5;-51.09549882328188;8.11711958140092e-06
2207;43.0;-51.96152422706632;0.003933623825607324
2208;41.5;-52.827549630850754;0.00362853234350397
2209;40.0;-53.693575034635195;9.445081951670141e-06
2210;38.5;-54.559600438419636;0.00413260482723139
2211;37.0;-55.42562584220407;0.0038094563765994367
2212;35.5;-56.29165124598851;8.619737616065844e-06
2213;34.0;-57.15767664977295;0.004300287285552353
2214;32.5;-58.023702053557386;0.004007060602454097
2215;31.0;-58.88972745734183;6.140978979820051e-06
2216;29.5;-59.75575286112627;0.004447362842888379
2217;28.0;-60.6217782649107;0.004224715475638282
2218;26.5;-61.48780366869514;3.1780289891520487e-06
2219;25.0;-62.353829072479584;0.004583014198965607
2220;23.5;-63.21985447626402;0.004461297050312584
2221;22.0;-64.08587988004845;8.692980050700313e-07
2222;20.5;-64.9519052838329;0.004713874916787568
2223;19.0;-65.81793068761733;0.004713874916787572
2224;58.0;-41.56921938165305;0.002967362858045132
2225;56.5;-42.43524478543749;0.0029673628580451357
2226;55.0;-43.301270189221924;2.0869778821781252e-06
2227;53.5;-44.167295593006365;0.003290488676120982
2228;52.0;-45.033320996790806;0.0031410342043475072
2229;50.5;-45.89934640057524;6.294657097384297e-06
2230;49.0;-46.76537180435968;0.0035842773530249906
2231;47.5;-47.63139720814412;0.003318325139960786
2232;46.0;-48.497422611928556;1.0312800175372624e-05
2233;44.5;-49.363448015713;0.003844867022849671
2234;43.0;-50.22947341949744;0.0034996613698898434
2235;41.5;-51.09549882328187;1.2678388461436896e-05
2236;40.0;-51.96152422706631;0.0040701813258099346
2237;38.5;-52.827549630850754;0.0036874876762880014
2238;37.0;-53.69357503463519;1.2678239786729424e-05
2239;35.5;-54.55960043841963;0.004261667101645735
2240;34.0;-55.42562584220407;0.0038869621610935134
2241;32.5;-56.291651245988504;1.0439809440525975e-05
2242;31.0;-57.157676649772945;0.0044265625055002825
2243;29.5;-58.023702053557386;0.004102955536500822
2244;28.0;-58.88972745734182;6.939188680899005e-06
2245;26.5;-59.75575286112626;0.004574093551179705
2246;25.0;-60.6217782649107;0.004336135917897663
2247;23.5;-61.487803668695136;3.4173975922946068e-06
2248;22.0;-62.35382907247958;0.004711664044367391
2249;20.5;-63.21985447626402;0.004584535839985411
2250;19.0;-64.08587988004845;8.995841589116868e-07
2251;17.5;-64.95190528383289;0.004845013161907559
2252;16.0;-65.81793068761733;0.0048450131619075625
2253;59.5;-38.97114317029974;0.0027981996290186955
2254;58.0;-39.83716857408418;0.002798199629018699
2255;56.5;-40.70319397786862;2.4821827315184827e-06
2256;55.0;-41.569219381653056;0.0031414904525346016
2257;53.5;-42.4352447854375;0.002981636440034317
2258;52.0;-43.30127018922194;7.60887234441773e-06
2259;50.5;-44.16729559300637;0.0034578338158179856
2260;49.0;-45.03332099679081;0.0031690632044047333
2261;47.5;-45.899346400575254;1.2776345480491914e-05
2262;46.0;-46.76537180435969;0.0037429075971236606
2263;44.5;-47.63139720814413;0.0033602834653416523
2264;43.0;-48.49742261192857;1.6313841467700777e-05
2265;41.5;-49.363448015713004;0.003993857710635431
2266;40.0;-50.229473419497445;0.0035564886370880676
2267;38.5;-51.095498823281886;1.7319494919521762e-05
2268;37.0;-51.96152422706632;0.0042102393588460615
2269;35.5;-52.82754963085076;0.0037608421755643247
2270;34.0;-53.6935750346352;1.5647876115556792e-05
2271;32.5;-54.559600438419636;0.004395855219091867
2272;31.0;-55.42562584220408;0.003977847174923762
2273;29.5;-56.29165124598852;1.198710833492247e-05
2274;28.0;-57.15767664977295;0.00455848552893786
2275;26.5;-58.02370205355739;0.004209715897461364
2276;25.0;-58.889727457341834;7.560970190448142e-06
2277;23.5;-59.75575286112627;0.00470583163879263
2278;22.0;-60.62177826491071;0.004455621768827563
2279;20.5;-61.48780366869515;3.5763277331928204e-06
2280;19.0;-62.353829072479584;0.004844204359464908
2281;17.5;-63.219854476264025;0.004713077135674746
2282;16.0;-64.08587988004847;9.106392459142564e-07
2283;14.5;-64.9519052838329;0.004978770466632207
2284;13.0;-65.81793068761733;0.004978770466632211
2285;61.0;-36.373066958946424;0.0026200408782810656
2286;59.5;-37.23909236273086;0.0026200408782810682
2287;58.0;-38.1051177665153;2.929837127681171e-06
2288;56.5;-38.97114317029974;0.002982218054011685
2289;55.0;-39.837168574084174;0.002812625716197131
2290;53.5;-40.703193977868615;9.089058957855886e-06
2291;52.0;-41.569219381653056;0.003319968688105408
2292;50.5;-42.43524478543749;0.0030097020002992692
2293;49.0;-43.30127018922193;1.554407645427035e-05
2294;47.5;-44.16729559300637;0.0036284998838056275
2295;46.0;-45.033320996790806;0.003210653572699521
2296;44.5;-45.89934640057525;2.0400375787243172e-05
2297;43.0;-46.76537180435969;0.0039043289325586903
2298;41.5;-47.63139720814412;0.0034158869786420523
2299;40.0;-48.49742261192856;2.2575665000665618e-05
2300;38.5;-49.363448015713004;0.004145774443341119
2301;37.0;-50.22947341949744;0.0036271733493337768
2302;35.5;-51.09549882328188;2.171875390487255e-05
2303;34.0;-51.96152422706632;0.004354158010239029
2304;32.5;-52.827549630850754;0.003847758665763274
2305;31.0;-53.693575034635195;1.8240941893479252e-05
2306;29.5;-54.559600438419636;0.0045348261948437545
2307;28.0;-55.42562584220407;0.00408051102834984
2308;26.5;-56.29165124598851;1.3232713220534352e-05
2309;25.0;-57.15767664977295;0.0046949908257899586
2310;23.5;-58.023702053557386;0.004325729898112143
2311;22.0;-58.88972745734183;8.002014098411524e-06
2312;20.5;-59.75575286112627;0.004841268844915924
2313;19.0;-60.6217782649107;0.004581680098720873
2314;17.5;-61.48780366869514;3.6565458717802983e-06
2315;16.0;-62.353829072479584;0.004979287163670335
2316;14.5;-63.21985447626402;0.004845522871204114
2317;13.0;-64.08587988004845;9.036649093759738e-07
2318;11.5;-64.9519052838329;0.005113825391879062
2319;10.0;-65.81793068761733;0.0051138253918790655
2320;62.5;-33.7749907475931;0.002433613432336075
2321;61.0;-34.64101615137754;0.0024336134323360774
2322;59.5;-35.507041555161976;3.4397905578553945e-06
2323;58.0;-36.37306695894642;0.0028133479053417646
2324;56.5;-37.23909236273086;0.002634699647467278
2325;55.0;-38.10511776651529;1.0760780530303485e-05
2326;53.5;-38.97114317029973;0.0031713292968879505
2327;52.0;-39.837168574084174;0.0028408633590974743
2328;50.5;-40.70319397786861;1.865738365266215e-05
2329;49.0;-41.56921938165305;0.003502292564473271
2330;47.5;-42.43524478543749;0.003051189436339777
2331;46.0;-43.301270189221924;2.4994581773751788e-05
2332;44.5;-44.167295593006365;0.003802213043148971
2333;43.0;-45.033320996790806;0.003265597889876582
2334;41.5;-45.89934640057524;2.8507265078976632e-05
2335;40.0;-46.76537180435968;0.004068501912573044
2336;38.5;-47.63139720814412;0.0034849451292331976
2337;37.0;-48.497422611928556;2.866815122202356e-05
2338;35.5;-49.363448015713;0.0043007736026787905
2339;34.0;-50.22947341949744;0.003711239729670201
2340;32.5;-51.09549882328187;2.5665357084330254e-05
2341;31.0;-51.96152422706631;0.0045019273247677806
2342;29.5;-52.827549630850754;0.003947038631274101
2343;28.0;-53.69357503463519;2.0391153722004454e-05
2344;26.5;-54.55960043841963;0.004677812322885531
2345;25.0;-55.42562584220407;0.004193450225167738
2346;23.5;-56.291651245988504;1.4161286251297341e-05
2347;22.0;-57.157676649772945;0.0048348978482901485
2348;20.5;-58.023702053557386;0.004449509873973007
2349;19.0;-58.88972745734182;8.263213270575554e-06
2350;17.5;-59.75575286112626;0.004979093153534687
2351;16.0;-60.6217782649107;0.004712888383054781
2352;14.5;-61.487803668695136;3.6618052773159977e-06
2353;13.0;-62.35382907247958;0.005115593093924506
2354;11.5;-63.21985447626401;0.004980514672225016
2355;10.0;-64.08587988004845;8.803211912425999e-07
2356;8.5;-64.95190528383289;0.005248896753915604
2357;7.0;-65.81793068761733;0.005248896753915608
2358;64.0;-31.176914536239792;0.0022396820707882136
2359;62.5;-32.04293994002423;0.0022396820707882167
2360;61.0;-32.908965343808674;4.0255937562412696e-06
2361;59.5;-33.77499074759311;0.0026355959813964156
2362;58.0;-34.64101615137755;0.002448605751514964
2363;56.5;-35.50704155516199;1.2656613620397575e-05
2364;55.0;-36.373066958946424;0.0030125760603526715
2365;53.5;-37.239092362730865;0.0026632386886172306
2366;52.0;-38.105117766515306;2.2165082120980818e-05
2367;50.5;-38.97114317029974;0.0033648968289412967
2368;49.0;-39.83716857408418;0.002882434781363508
2369;47.5;-40.70319397786862;3.0160514856541453e-05
2370;46.0;-41.569219381653056;0.003688063868375901
2371;44.5;-42.4352447854375;0.0031058299463887053
2372;43.0;-43.30127018922194;3.518997729834709e-05
2373;41.5;-44.16729559300637;0.003978774048775372
2374;40.0;-45.03332099679081;0.0033337118178176253
2375;38.5;-45.899346400575254;3.656022054963983e-05
2376;37.0;-46.76537180435969;0.0042353971133665316
2377;35.5;-47.63139720814413;0.0035671549262198017
2378;34.0;-48.49742261192857;3.427657253705603e-05
2379;32.5;-49.363448015713004;0.004458842532753831
2380;31.0;-50.229473419497445;0.0038079348020318973
2381;29.5;-51.095498823281886;2.9029865196599622e-05
2382;28.0;-51.96152422706632;0.004653067756120691
2383;26.5;-52.82754963085076;0.004057402354341629
2384;25.0;-53.6935750346352;2.2059856602419422e-05
2385;23.5;-54.559600438419636;0.00482380905640873
2386;22.0;-55.42562584220408;0.0043152415760155894
2387;20.5;-56.29165124598852;1.476812134711916e-05
2388;19.0;-57.15767664977295;0.004976960750068281
2389;17.5;-58.02370205355739;0.0045796345743400945
2390;16.0;-58.889727457341834;8.350320716987931e-06
2391;14.5;-59.75575286112627;0.005117996209066249
2392;13.0;-60.62177826491071;0.0048478616993381084
2393;11.5;-61.48780366869514;3.5978004267941046e-06
2394;10.0;-62.353829072479584;0.005251835447485018
2395;8.5;-63.219854476264025;0.00511672603322038
2396;7.0;-64.08587988004847;8.426801687517786e-07
2397;5.5;-64.9519052838329;0.005382752834948341
2398;4.0;-65.81793068761733;0.005382752834948347
2399;65.5;-28.578838324886476;0.0020390456889688153
2400;64.0;-29.44486372867091;0.0020390456889688184
2401;62.5;-30.31088913245535;4.706668980121394e-06
2402;61.0;-31.176914536239792;0.002449731790567852
2403;59.5;-32.042939940024226;0.0022551459546371255
2404;58.0;-32.90896534380867;1.4820027100219484e-05
2405;56.5;-33.77499074759311;0.0028444160860782736
2406;55.0;-34.64101615137754;0.002477595820945113
2407;53.5;-35.50704155516198;2.6127277742988428e-05
2408;52.0;-36.373066958946424;0.003216938433092041
2409;50.5;-37.23909236273086;0.0027050484448405986
2410;49.0;-38.1051177665153;3.597181206474333e-05
2411;47.5;-38.97114317029974;0.003562414053770405
2412;46.0;-39.837168574084174;0.0029370007985784694
2413;44.5;-40.703193977868615;4.271052071507192e-05
2414;43.0;-41.569219381653056;0.003876967853361943
2415;41.5;-42.43524478543749;0.0031734280810326574
2416;40.0;-43.30127018922193;4.548606837212427e-05
2417;38.5;-44.16729559300637;0.004158010941237525
2418;37.0;-45.033320996790806;0.003414781967044231
2419;35.5;-45.89934640057525;4.413998348384117e-05
2420;34.0;-46.76537180435969;0.0044049047874840175
2421;32.5;-47.63139720814412;0.0036620454942497905
2422;31.0;-48.49742261192856;3.9184195102704564e-05
2423;29.5;-49.363448015713004;0.004619675429303016
2424;28.0;-50.22947341949744;0.003916288596260951
2425;26.5;-51.09549882328188;3.1732282202633515e-05
2426;25.0;-51.96152422706632;0.004806771415193719
2427;23.5;-52.827549630850754;0.004177565770975523
2428;22.0;-53.693575034635195;2.3228114442913146e-05
2429;20.5;-54.559600438419636;0.004971667685327431
2430;19.0;-55.42562584220407;0.004444505214533948
2431;17.5;-56.29165124598851;1.505793470914667e-05
2432;16.0;-57.15767664977295;0.005119896615705553
2433;14.5;-58.023702053557386;0.004714712034490621
2434;13.0;-58.88972745734183;8.273741894798125e-06
2435;11.5;-59.75575286112626;0.005256684846135734
2436;10.0;-60.6217782649107;0.004985237174082442
2437;8.5;-61.48780366869514;3.4720225668895937e-06
2438;7.0;-62.35382907247958;0.00538677178484498
2439;5.5;-63.21985447626402;0.00525286542781227
2440;4.0;-64.08587988004845;7.931540606797328e-07
2441;2.5;-64.9519052838329;0.005514226550205784
2442;1.0;-65.81793068761733;0.0055142265502057895
2443;67.0;-25.980762113533153;0.0018325285496366475
2444;65.5;-26.846787517317594;0.00183252854963665
2445;64.0;-27.712812921102028;5.511932305222981e-06
2446;62.5;-28.57883832488647;0.0022565866929114275
2447;61.0;-29.44486372867091;0.002055176826033988
2448;59.5;-30.310889132455344;1.7311484071426753e-05
2449;58.0;-31.176914536239785;0.002667627899509676
2450;56.5;-32.042939940024226;0.0022847831544007676
2451;55.0;-32.90896534380866;3.062141619187868e-05
2452;53.5;-33.7749907475931;0.0030590983233558587
2453;52.0;-34.64101615137754;0.0025198021790957346
2454;50.5;-35.507041555161976;4.251600343826005e-05
2455;49.0;-36.37306695894642;0.0034258205915802024
2456;47.5;-37.23909236273086;0.0027597013141477176
2457;46.0;-38.10511776651529;5.1166876428662355e-05
2458;44.5;-38.97114317029973;0.0037634796301110047
2459;43.0;-39.837168574084174;0.0030043418492063595
2460;41.5;-40.70319397786861;5.555354815345822e-05
2461;40.0;-41.56921938165305;0.004068732043800326
2462;38.5;-42.43524478543749;0.0032538214038287873
2463;37.0;-43.301270189221924;5.535900576766651e-05
2464;35.5;-44.167295593006365;0.004339713131080378
2465;34.0;-45.033320996790806;0.0035085134869213366
2466;32.5;-45.89934640057524;5.093320783968465e-05
2467;31.0;-46.76537180435968;0.00457673728937415
2468;29.5;-47.63139720814412;0.003768960406550228
2469;28.0;-48.497422611928556;4.3248179391503676e-05
2470;26.5;-49.363448015713;0.004782634222520067
2471;25.0;-50.22947341949744;0.0040352287792312985
2472;23.5;-51.09549882328187;3.372627730003916e-05
2473;22.0;-51.96152422706631;0.004962008350565785
2474;20.5;-52.827549630850754;0.004306242804261769
2475;19.0;-53.69357503463519;2.3893373736860043e-05
2476;17.5;-54.55960043841963;0.005120147693882121
2477;16.0;-55.42562584220407;0.00457987203632203
2478;14.5;-56.291651245988504;1.5044321592635428e-05
2479;13.0;-57.157676649772945;0.005262408753293844
2480;11.5;-58.02370205355738;0.00485335858372572
2481;10.0;-58.88972745734182;8.048276440763492e-06
2482;8.5;-59.75575286112626;0.005393897816282362
2483;7.0;-60.621778264910695;0.005123671209392481
2484;5.5;-61.487803668695136;3.293522458167468e-06
2485;4.0;-62.35382907247958;0.005519221150186971
2486;2.5;-63.21985447626401;0.005387687547058341
2487;1.0;-64.08587988004845;7.343966625101597e-07
2488;68.5;-23.382685902179837;0.0016209689566000411
2489;67.0;-24.248711305964278;0.0016209689566000435
2490;65.5;-25.11473670974872;6.486110233302188e-06
2491;64.0;-25.980762113533153;0.0020570603631398553
2492;62.5;-26.846787517317594;0.0018496086603391382
2493;61.0;-27.712812921102035;2.021821674329775e-05
2494;59.5;-28.57883832488647;0.0024830812481586202
2495;58.0;-29.44486372867091;0.0020857322857172123
2496;56.5;-30.31088913245535;3.575162313218081e-05
2497;55.0;-31.17691453623979;0.0028921455061757606
2498;53.5;-32.042939940024226;0.0023275809304892053
2499;52.0;-32.90896534380866;4.9901603639052814e-05
2500;50.5;-33.77499074759311;0.003278906629852753
2501;49.0;-34.64101615137754;0.0025746803603519464
2502;47.5;-35.507041555161976;6.067166306168976e-05
2503;46.0;-36.373066958946424;0.0036387510518982964
2504;44.5;-37.23909236273086;0.002826938147736141
2505;43.0;-38.10511776651529;6.688372502310858e-05
2506;41.5;-38.97114317029974;0.00396775571676286
2507;40.0;-39.837168574084174;0.003084324902379129
2508;38.5;-40.70319397786861;6.806109189660995e-05
2509;37.0;-41.56921938165305;0.004263070335810783
2510;35.5;-42.43524478543749;0.003346834085706714
2511;34.0;-43.301270189221924;6.439533446702902e-05
2512;32.5;-44.167295593006365;0.004523554705979221
2513;31.0;-45.033320996790806;0.0036144896804584043
2514;29.5;-45.89934640057524;5.671537967250703e-05
2515;28.0;-46.76537180435968;0.004750355234308704
2516;26.5;-47.63139720814412;0.0038870843232299643
2517;25.0;-48.497422611928556;4.63775435396044e-05
2518;23.5;-49.363448015713;0.004946809185459352
2519;22.0;-50.22947341949744;0.004163620636503482
2520;20.5;-51.09549882328187;3.49919649638728e-05
2521;19.0;-51.96152422706631;0.005117595245635044
2522;17.5;-52.827549630850754;0.004442127151065455
2523;16.0;-53.69357503463519;2.4068076700423886e-05
2524;14.5;-54.55960043841963;0.0052679543039802195
2525;13.0;-55.42562584220407;0.0047199611536959405
2526;11.5;-56.291651245988504;1.4749350324030653e-05
2527;10.0;-57.157676649772945;0.005403211236224246
2528;8.5;-58.023702053557386;0.004994190992170012
2529;7.0;-58.88972745734182;7.692691393474297e-06
2530;5.5;-59.75575286112626;0.005528427227803131
2531;4.0;-60.6217782649107;0.005261846711249664
2532;2.5;-61.487803668695136;3.0725640223888065e-06
2533;1.0;-62.35382907247958;0.005648084924660488
2534;70.0;-20.784609690826528;0.0014052093231567723
2535;68.5;-21.650635094610962;0.001405209323156775
2536;67.0;-22.516660498395403;7.701385452612304e-06
2537;65.5;-23.382685902179844;0.0018521313609485325
2538;64.0;-24.248711305964278;0.0016394086376584776
2539;62.5;-25.11473670974872;2.3670325392144e-05
2540;61.0;-25.98076211353316;0.0022917564108732125
2541;59.5;-26.846787517317594;0.001881462245272513
2542;58.0;-27.712812921102035;4.166314794175441e-05
2543;56.5;-28.578838324886476;0.0027169653541492503
2544;55.0;-29.444863728670914;0.002129384252631954
2545;53.5;-30.31088913245535;5.826909784261177e-05
2546;52.0;-31.17691453623979;0.00312239884809945
2547;50.5;-32.042939940024226;0.002382838078421339
2548;49.0;-32.90896534380867;7.135882778200442e-05
2549;47.5;-33.77499074759311;0.003503305010217309
2550;46.0;-34.64101615137754;0.0026419108596144156
2551;44.5;-35.50704155516198;7.961170386449774e-05
2552;43.0;-36.373066958946424;0.003855354073051664
2553;41.5;-37.23909236273086;0.002906638582461238
2554;40.0;-38.1051177665153;8.238963134464386e-05
2555;38.5;-38.97114317029974;0.0041749137038367455
2556;37.0;-39.837168574084174;0.0031768618837821924
2557;35.5;-40.703193977868615;7.971872874372552e-05
2558;34.0;-41.569219381653056;0.004459616914356556
2559;32.5;-42.43524478543749;0.0034522314451238597
2560;31.0;-43.30127018922193;7.227862603056219e-05
2561;29.5;-44.16729559300637;0.0047090214021657285
2562;28.0;-45.033320996790806;0.003732152848701137
2563;26.5;-45.89934640057525;6.133196085977941e-05
2564;25.0;-46.76537180435969;0.004924945860848181
2565;23.5;-47.63139720814412;0.0040154847337081
2566;22.0;-48.49742261192856;4.8521033395899e-05
2567;20.5;-49.363448015713004;0.00511108143640577
2568;19.0;-50.22947341949744;0.004300267791196226
2569;17.5;-51.09549882328188;3.553283518449187e-05
2570;16.0;-51.96152422706632;0.005272245090382612
2571;14.5;-52.827549630850754;0.004583872855986703
2572;13.0;-53.693575034635195;2.3778983326099056e-05
2573;11.5;-54.55960043841963;0.005413772606604139
2574;10.0;-55.42562584220407;0.004863368424693101
2575;8.5;-56.29165124598851;1.420297681136858e-05
2576;7.0;-57.157676649772945;0.005541056634665161
2577;5.5;-58.023702053557386;0.005135829776101304
2578;4.0;-58.88972745734183;7.22905582050259e-06
2579;2.5;-59.75575286112626;0.005659143369388293
2580;1.0;-60.6217782649107;0.005398488192629993
2581;71.5;-18.186533479473212;0.0011860964975477094
2582;70.0;-19.052558883257653;0.0011860964975477116
2583;68.5;-19.918584287042087;9.280370390224631e-06
2584;67.0;-20.784609690826528;0.0016428828895462828
2585;65.5;-21.65063509461097;0.0014256178385164979
2586;64.0;-22.516660498395403;2.7868273988488044e-05
2587;62.5;-23.382685902179844;0.0020947695506168575
2588;61.0;-24.248711305964285;0.0016730911277918054
2589;59.5;-25.11473670974872;4.856495535110997e-05
2590;58.0;-25.98076211353316;0.002534586974133104
2591;56.5;-26.8467875173176;0.0019263305206638868
2592;55.0;-27.71281292110204;6.780757943566008e-05
2593;53.5;-28.578838324886476;0.002957161283715205
2594;52.0;-29.444863728670914;0.002185222888994219
2595;50.5;-30.310889132455355;8.339454776275174e-05
2596;49.0;-31.176914536239792;0.003357783418773749
2597;47.5;-32.042939940024226;0.002450147887614815
2598;46.0;-32.908965343808674;9.389135435317899e-05
2599;44.5;-33.77499074759311;0.003731899776838962
2600;43.0;-34.64101615137754;0.0027213685545039883
2601;41.5;-35.50704155516199;9.850085275304096e-05
2602;40.0;-36.373066958946424;0.004075291534716631
2603;38.5;-37.23909236273086;0.0029987820899252207
2604;37.0;-38.1051177665153;9.707048446403762e-05
2605;35.5;-38.97114317029974;0.0043845709631709215
2606;34.0;-39.837168574084174;0.003281864348359058
2607;32.5;-40.703193977868615;9.011334356133743e-05
2608;31.0;-41.569219381653056;0.004657857439026196
2609;29.5;-42.43524478543749;0.0035696817817021044
2610;28.0;-43.30127018922193;7.877442589528554e-05
2611;26.5;-44.16729559300637;0.004895359288159076
2612;25.0;-45.033320996790806;0.003860804422278196
2613;23.5;-45.89934640057525;6.468320184707871e-05
2614;22.0;-46.76537180435969;0.005099450839452432
2615;20.5;-47.63139720814412;0.0041531238955536814
2616;19.0;-48.49742261192856;4.966151348256768e-05
2617;17.5;-49.363448015713004;0.005274175607113688
2618;16.0;-50.22947341949744;0.004443899196374722
2619;14.5;-51.09549882328188;3.5374540452681025e-05
2620;13.0;-51.96152422706632;0.00542461040968012
2621;11.5;-52.827549630850754;0.004730081045616701
2622;10.0;-53.693575034635195;2.3066490783809025e-05
2623;8.5;-54.559600438419636;0.005556303090408224
2624;7.0;-55.42562584220407;0.00500866607594093
2625;5.5;-56.29165124598851;1.3442078254880252e-05
2626;4.0;-57.15767664977295;0.0056747667668114775
2627;2.5;-58.023702053557386;0.005276912099307469
2628;1.0;-58.88972745734183;6.681814612794221e-06
2629;73.0;-15.588457268119889;0.0009645171165046791
2630;71.5;-16.45448267190433;0.0009645171165046816
2631;70.0;-17.32050807568877;1.1445202065135543e-05
2632;68.5;-18.186533479473205;0.0014305662827210088
2633;67.0;-19.052558883257646;0.001209401996228784
2634;65.5;-19.918584287042087;3.313193058630095e-05
2635;64.0;-20.78460969082652;0.0018934150254475912
2636;62.5;-21.650635094610962;0.001461865368993251
2637;61.0;-22.516660498395403;5.6765743730335756e-05
2638;59.5;-23.382685902179837;0.0023462147617052008
2639;58.0;-24.248711305964278;0.0017196684220942822
2640;56.5;-25.11473670974872;7.877976704778436e-05
2641;55.0;-25.980762113533157;0.002784227402592196
2642;53.5;-26.846787517317594;0.0019830315970673362
2643;52.0;-27.71281292110203;9.699382923346858e-05
2644;50.5;-28.578838324886473;0.003202984084574198
2645;49.0;-29.44486372867091;0.002252722191880345
2646;47.5;-30.310889132455348;0.00010990447150594449
2647;46.0;-31.17691453623979;0.0035979005343366012
2648;44.5;-32.042939940024226;0.002529360378454636
2649;43.0;-32.90896534380866;0.00011656506704058624
2650;41.5;-33.77499074759311;0.003964373159199218
2651;40.0;-34.64101615137754;0.0028130834105915543
2652;38.5;-35.507041555161976;0.00011662922957563058
2653;37.0;-36.37306695894642;0.004298197259243421
2654;35.5;-37.23909236273086;0.003103403834037783
2655;34.0;-38.10511776651529;0.00011041575977216922
2656;32.5;-38.97114317029973;0.0045962228733709394
2657;31.0;-39.837168574084174;0.003399198289789191
2658;29.5;-40.70319397786861;9.8920007223374e-05
2659;28.0;-41.56921938165305;0.004857067939274093
2660;26.5;-42.43524478543749;0.0036987284036432665
2661;25.0;-43.301270189221924;8.371650244688441e-05
2662;23.5;-44.167295593006365;0.0050815574990965414
2663;22.0;-45.033320996790806;0.003999608398221257
2664;20.5;-45.89934640057524;6.671593069285067e-05
2665;19.0;-46.76537180435968;0.00527260670637638
2666;17.5;-47.63139720814412;0.004298851141562937
2667;16.0;-48.497422611928556;4.981388127854833e-05
2668;14.5;-49.363448015713;0.005434708012776833
2669;13.0;-50.22947341949744;0.004593155421829236
2670;11.5;-51.09549882328187;3.456419785824423e-05
2671;10.0;-51.96152422706631;0.005573326780660575
2672;8.5;-52.827549630850754;0.004879296093033356
2673;7.0;-53.69357503463519;2.198348845110094e-05
2674;5.5;-54.55960043841963;0.005694299932691092
2675;4.0;-55.42562584220407;0.0051544130841691726
2676;2.5;-56.291651245988504;1.2509000397930874e-05
2677;1.0;-57.157676649772945;0.005803265027567098
2678;74.5;-12.99038105676658;0.0007415491374769643
2679;73.0;-13.856406460551014;0.0007415491374769662
2680;71.5;-14.722431864335455;1.4632736723795134e-05
2681;70.0;-15.588457268119896;0.0012167505689799827
2682;68.5;-16.45448267190433;0.0009921791942981088
2683;67.0;-17.32050807568877;3.9992362002648567e-05
2684;65.5;-18.186533479473212;0.0016892436162274302
2685;64.0;-19.052558883257646;0.001249224821415582
2686;62.5;-19.918584287042087;6.673279558197583e-05
2687;61.0;-20.784609690826528;0.0021532720405694006
2688;59.5;-21.650635094610962;0.0015108036637459443
2689;58.0;-22.516660498395403;9.1559697530184e-05
2690;56.5;-23.382685902179844;0.002604833363002208
2691;55.0;-24.24871130596428;0.001777614972136613
2692;53.5;-25.11473670974872;0.00011244496982961368
2693;52.0;-25.980762113533157;0.003039895813002
2694;50.5;-26.846787517317598;0.0020508857096940606
2695;49.0;-27.712812921102035;0.00012787553464184472
2696;47.5;-28.578838324886473;0.0034540371606520295
2697;46.0;-29.444863728670914;0.002331684956455461
2698;44.5;-30.31088913245535;0.0001367725123727799
2699;43.0;-31.17691453623979;0.0038424780334746014
2700;41.5;-32.042939940024226;0.0026205383981342885
2701;40.0;-32.90896534380867;0.00013858172146116317
2702;38.5;-33.77499074759311;0.004200411610171664
2703;37.0;-34.64101615137754;0.0029171968913089667
2704;35.5;-35.50704155516198;0.0001333922632615829
2705;34.0;-36.373066958946424;0.004523606201762297
2706;32.5;-37.23909236273086;0.0032205476382053473
2707;31.0;-38.1051177665153;0.00012200483106328619
2708;29.5;-38.97114317029974;0.0048091761222719045
2709;28.0;-39.837168574084174;0.003528641546330452
2710;26.5;-40.703193977868615;0.00010589023060333481
2711;25.0;-41.569219381653056;0.005056272266208568
2712;23.5;-42.43524478543749;0.0038387686803595827
2713;22.0;-43.30127018922193;8.69975260031861e-05
2714;20.5;-44.16729559300637;0.005266361891578378
2715;19.0;-45.033320996790806;0.004147581748955051
2716;17.5;-45.89934640057525;6.742044905977362e-05
2717;16.0;-46.76537180435969;0.005442989704903871
2718;14.5;-47.63139720814412;0.004451388312700333
2719;13.0;-48.49742261192856;4.902445809434256e-05
2720;11.5;-49.363448015713;0.005591236159599909
2721;10.0;-50.22947341949744;0.004746581174563285
2722;8.5;-51.09549882328188;3.3169312335554386e-05
2723;7.0;-51.96152422706631;0.005717059454781351
2724;5.5;-52.827549630850754;0.005030012871942269
2725;4.0;-53.693575034635195;2.0593458885138544e-05
2726;2.5;-54.55960043841963;0.005826611312606713
2727;1.0;-55.42562584220407;0.005299175563134844
2728;76.0;-10.392304845413264;0.0005190257862634405
2729;74.5;-11.258330249197705;0.0005190257862634423
2730;73.0;-12.124355652982139;1.9795935955782556e-05
2731;71.5;-12.99038105676658;0.0010036643606020515
2732;70.0;-13.856406460551021;0.0007759225413366027
2733;68.5;-14.722431864335455;4.937262541394928e-05
2734;67.0;-15.588457268119896;0.0014842096636664814
2735;65.5;-16.454482671904337;0.0010369359785975996
2736;64.0;-17.32050807568877;7.919075292747539e-05
2737;62.5;-18.186533479473212;0.0019574690035002026
2738;61.0;-19.052558883257653;0.0013013536023807355
2739;59.5;-19.918584287042087;0.00010668996441585015
2740;58.0;-20.784609690826528;0.002420457112074708
2741;56.5;-21.65063509461097;0.001570493955784889
2742;55.0;-22.516660498395407;0.000130144973121185
2743;53.5;-23.382685902179844;0.002869732195935614
2744;52.0;-24.24871130596428;0.0018460663433697267
2745;50.5;-25.114736709748723;0.00014809371255290459
2746;49.0;-25.98076211353316;0.0033012013214492853
2747;47.5;-26.846787517317598;0.0021296263815586236
2748;46.0;-27.71281292110204;0.00015934472407010974
2749;44.5;-28.578838324886476;0.0037101140845022963
2750;43.0;-29.444863728670914;0.002422187857453983
2751;41.5;-30.310889132455355;0.00016312391034176187
2752;40.0;-31.176914536239792;0.004091289886503377
2753;38.5;-32.042939940024226;0.0027239127832043475
2754;37.0;-32.90896534380867;0.00015925088906977884
2755;35.5;-33.77499074759311;0.004439629644302337
2756;34.0;-34.64101615137754;0.003033915353362161
2757;32.5;-35.50704155516198;0.00014827373686627143
2758;31.0;-36.373066958946424;0.00475088162422511
2759;29.5;-37.23909236273086;0.003350217075593314
2760;28.0;-38.1051177665153;0.00013149584815502863
2761;26.5;-38.97114317029974;0.0050224908184835155
2762;25.0;-39.837168574084174;0.00366984382162593
2763;23.5;-40.703193977868615;0.00011084370987591029
2764;22.0;-41.569219381653056;0.005254224764677051
2765;20.5;-42.43524478543749;0.00398903213305954
2766;19.0;-43.30127018922193;8.85653887734137e-05
2767;17.5;-44.16729559300637;0.0054483058568172175
2768;16.0;-45.033320996790806;0.0043035757748263155
2769;14.5;-45.89934640057525;6.683022784373097e-05
2770;13.0;-46.76537180435969;0.005609066458741074
2771;11.5;-47.63139720814412;0.004609317455014547
2772;10.0;-48.49742261192856;4.737038460183845e-05
2773;8.5;-49.363448015713004;0.005742313042530852
2774;7.0;-50.22947341949744;0.004902628243720135
2775;5.5;-51.09549882328188;3.127570159877991e-05
2776;4.0;-51.96152422706632;0.005854553174089665
2777;2.5;-52.827549630850754;0.005180695770547603
2778;1.0;-53.693575034635195;1.8967702911928312e-05
2779;77.5;-7.794228634059948;0.0003016900272135769
2780;76.0;-8.660254037844382;0.0003016900272135782
2781;74.5;-9.526279441628823;2.9299605448989106e-05
2782;73.0;-10.392304845413257;0.0007949607562112817
2783;71.5;-11.258330249197698;0.0005638623541096362
2784;70.0;-12.124355652982139;6.296226065195365e-05
2785;68.5;-12.990381056766573;0.001280942885472442
2786;67.0;-13.856406460551014;0.0008273502506105201
2787;65.5;-14.722431864335455;9.529166589819048e-05
2788;64.0;-15.588457268119889;0.0017609131201681196
2789;62.5;-16.45448267190433;0.0010932490389384275
2790;61.0;-17.32050807568877;0.0001249695181608796
2791;59.5;-18.186533479473205;0.0022328701623102786
2792;58.0;-19.052558883257646;0.0013633944888099072
2793;56.5;-19.918584287042087;0.00015065031991852966
2794;55.0;-20.784609690826525;0.00269396577396322
2795;53.5;-21.650635094610962;0.0016398707321519015
2796;52.0;-22.5166604983954;0.00017094422418889192
2797;50.5;-23.38268590217984;0.003140530712226373
2798;49.0;-24.248711305964278;0.0019246700962770038
2799;47.5;-25.114736709748716;0.00018455275484310658
2800;46.0;-25.980762113533157;0.003568018704294211
2801;44.5;-26.846787517317594;0.0022193250257859934
2802;43.0;-27.71281292110203;0.00019046741276022567
2803;41.5;-28.578838324886473;0.003971107116145444
2804;40.0;-29.44486372867091;0.002524532270605672
2805;38.5;-30.310889132455348;0.00018819636001090443
2806;37.0;-31.176914536239785;0.004344073487444859
2807;35.5;-32.042939940024226;0.0028398369974701907
2808;34.0;-32.90896534380866;0.00017796693566672443
2809;32.5;-33.7749907475931;0.004681489880884742
2810;31.0;-34.64101615137754;0.0031634599254543078
2811;29.5;-35.507041555161976;0.00016083302029392278
2812;28.0;-36.37306695894642;0.004979144821588474
2813;26.5;-37.23909236273086;0.00349232441956063
2814;25.0;-38.10511776651529;0.0001386186471303344
2815;23.5;-38.97114317029973;0.005234938946982812
2816;22.0;-39.837168574084174;0.003822286606509445
2817;20.5;-40.70319397786861;0.00011366518359288446
2818;19.0;-41.56921938165305;0.005449417881227177
2819;17.5;-42.43524478543749;0.004148552000394659
2820;16.0;-43.301270189221924;8.842367253961667e-05
2821;14.5;-44.167295593006365;0.0056257546500908
2822;13.0;-45.033320996790806;0.004466256267718663
2823;11.5;-45.89934640057524;6.50223858300216e-05
2824;10.0;-46.76537180435968;0.005769253203577914
2825;8.5;-47.63139720814412;0.004771077332638905
2826;7.0;-48.497422611928556;4.49579052847469e-05
2827;5.5;-49.363448015713;0.0058865470560239015
2828;4.0;-50.22947341949744;0.005059671514143122
2829;2.5;-51.09549882328187;2.8984052770899845e-05
2830;1.0;-51.96152422706631;0.005984683202933151
2831;79.0;-5.196152422706632;0.00010603232710432547
2832;77.5;-6.062177826491073;0.00010603232710432625
2833;76.0;-6.928203230275507;5.001355850978678e-05
2834;74.5;-7.794228634059948;0.0005973748443424021
2835;73.0;-8.660254037844382;0.0003620777964158544
2836;71.5;-9.526279441628823;8.402850822668887e-05
2837;70.0;-10.392304845413264;0.0010832321650450008
2838;68.5;-11.258330249197698;0.0006238813168354482
2839;67.0;-12.124355652982139;0.00011691331618459512
2840;65.5;-12.99038105676658;0.0015662869150547504
2841;64.0;-13.856406460551014;0.000888910244834257
2842;62.5;-14.722431864335455;0.00014758939290424356
2843;61.0;-15.588457268119896;0.0020442112268763846
2844;59.5;-16.45448267190433;0.001158311629786826
2845;58.0;-17.32050807568877;0.00017474931072399507
2846;56.5;-18.186533479473212;0.0025143655922929553
2847;55.0;-19.05255888325765;0.001434097586941973
2848;53.5;-19.918584287042087;0.00019695165262473703
2849;52.0;-20.784609690826525;0.002973440615825665
2850;50.5;-21.650635094610966;0.0017184921382391936
2851;49.0;-22.516660498395403;0.0002127437633422939
2852;47.5;-23.38268590217984;0.0034171975280169616
2853;46.0;-24.24871130596428;0.0020134767325689588
2854;44.5;-25.11473670974872;0.00022085269835979564
2855;43.0;-25.980762113533157;0.0038403833097399344
2856;41.5;-26.846787517317598;0.002320332820794696
2857;40.0;-27.712812921102035;0.000220430078116436
2858;38.5;-28.578838324886473;0.004236917905187612
2859;37.0;-29.44486372867091;0.0026391999028380683
2860;35.5;-30.31088913245535;0.00021130814347726832
2861;34.0;-31.17691453623979;0.004600442638155127
2862;32.5;-32.042939940024226;0.0029687392402826126
2863;31.0;-32.90896534380867;0.00019419191300684038
2864;29.5;-33.77499074759311;0.004925221083686954
2865;28.0;-34.64101615137754;0.003306011202807226
2866;26.5;-35.50704155516198;0.00017069767880760177
2867;25.0;-36.373066958946424;0.005207213371575161
2868;23.5;-37.23909236273086;0.0036466358877226684
2869;22.0;-38.1051177665153;0.00014317309660608375
2870;20.5;-38.97114317029974;0.00544498477498139
2871;19.0;-39.837168574084174;0.003985239402986551
2872;17.5;-40.703193977868615;0.00011430646171653359
2873;16.0;-41.569219381653056;0.005640111235442443
2874;14.5;-42.43524478543749;0.004316133620854675
2875;13.0;-43.30127018922193;8.663408083217672e-05
2876;11.5;-44.167295593006365;0.005796964311809874
2877;10.0;-45.033320996790806;0.00463409020342654
2878;8.5;-45.89934640057525;6.211722210982253e-05
2879;7.0;-46.76537180435968;0.0059219848382738435
2880;5.5;-47.63139720814412;0.004934973686935627
2881;4.0;-48.49742261192856;4.1918741329536096e-05
2882;2.5;-49.363448015713;0.0060226658471887575
2883;1.0;-50.22947341949744;0.005216039309465707
2884;77.5;-4.330127018922198;0.00010603232710432468
2885;76.0;-5.196152422706632;0.000424129308417302
2886;74.5;-6.062177826491073;0.0001828545837281658
2887;73.0;-6.928203230275507;0.00011922192889402137
2888;71.5;-7.794228634059948;0.0008968360693203363
2889;70.0;-8.660254037844389;0.0004318297989441581
2890;68.5;-9.526279441628823;0.00014718488173179694
2891;67.0;-10.392304845413264;0.0013771219644274613
2892;65.5;-11.258330249197705;0.0006915294659244403
2893;64.0;-12.124355652982139;0.0001763423322798061
2894;62.5;-12.99038105676658;0.00185709222189446
2895;61.0;-13.856406460551021;0.0009576150197884435
2896;59.5;-14.722431864335455;0.0002035643758049983
2897;58.0;-15.588457268119896;0.0023330422815821426
2898;56.5;-16.454482671904337;0.0012307676605078104
2899;55.0;-17.320508075688775;0.00022683829206325621
2900;53.5;-18.186533479473212;0.002801651877444726
2901;52.0;-19.05255888325765;0.0015129522017397858
2902;50.5;-19.91858428704209;0.0002443774821589669
2903;49.0;-20.784609690826528;0.0032589572437521893
2904;47.5;-21.650635094610966;0.0018063808233370567
2905;46.0;-22.516660498395407;0.00025457036819897426
2906;44.5;-23.382685902179844;0.00369992909754022
2907;43.0;-24.24871130596428;0.0021128666154430578
2908;41.5;-25.114736709748723;0.0002561567415834014
2909;40.0;-25.98076211353316;0.004118396037834755
2910;38.5;-26.846787517317598;0.002433236065248436
2911;37.0;-27.712812921102035;0.00024849641108290086
2912;35.5;-28.578838324886476;0.0045073650504045765
2913;34.0;-29.444863728670914;0.0027668095298158213
2914;32.5;-30.31088913245535;0.00023183388096950714
2915;31.0;-31.176914536239792;0.00485979503487451
2916;29.5;-32.042939940024226;0.003111068632929925
2917;28.0;-32.90896534380867;0.00020744540249142404
2918;26.5;-33.77499074759311;0.005169737770569213
2919;25.0;-34.64101615137754;0.0034616462249238466
2920;23.5;-35.50704155516198;0.0001775627555951085
2921;22.0;-36.373066958946424;0.005433554684566642
2922;20.5;-37.23909236273086;0.0038127109447815355
2923;19.0;-38.1051177665153;0.00014503353009730097
2924;17.5;-38.97114317029974;0.005650790396183835
2925;16.0;-39.837168574084174;0.004157711582256051
2926;14.5;-40.703193977868615;0.00011279193311964697
2927;13.0;-41.569219381653056;0.005824382546789083
2928;11.5;-42.43524478543749;0.004490326614485342
2929;10.0;-43.30127018922193;8.331853657530199e-05
2930;8.5;-44.16729559300637;0.005960156685656864
2931;7.0;-45.033320996790806;0.004805346010720544
2932;5.5;-45.89934640057525;5.827536724779388e-05
2933;4.0;-46.76537180435969;0.00606579258050648
2934;2.5;-47.63139720814412;0.005099206705801229
2935;1.0;-48.49742261192856;3.840412929067012e-05
2936;77.5;-2.598076211353316;0.00030214189449688
2937;76.0;-3.46410161513775;5.01976403045313e-05
2938;74.5;-4.330127018922191;0.0001825030945457806
2939;73.0;-5.196152422706625;0.0007307151874742958
2940;71.5;-6.062177826491066;0.00025962440560277215
2941;70.0;-6.928203230275507;0.0001913894279624828
2942;68.5;-7.794228634059941;0.0011981893415980965
2943;67.0;-8.660254037844382;0.0005054805240192848
2944;65.5;-9.526279441628823;0.00021394035102375976
2945;64.0;-10.392304845413257;0.0016747449476606077
2946;62.5;-11.258330249197698;0.000764204710305051
2947;61.0;-12.124355652982139;0.00023869446981295464
2948;59.5;-12.990381056766573;0.002152504886857262
2949;58.0;-13.856406460551014;0.001032176043840885
2950;56.5;-14.722431864335455;0.0002616008539443212
2951;55.0;-15.588457268119893;0.002627216294545828
2952;53.5;-16.45448267190433;0.001310094409485944
2953;52.0;-17.320508075688767;0.00028007382599868865
2954;50.5;-18.18653347947321;0.0030949297287769222
2955;49.0;-19.052558883257646;0.0015999612021412777
2956;47.5;-19.918584287042084;0.0002919916238649903
2957;46.0;-20.784609690826525;0.003550884849799376
2958;44.5;-21.650635094610962;0.0019039294478384147
2959;43.0;-22.5166604983954;0.00029559933402844375
2960;41.5;-23.38268590217984;0.0039890506063828615
2961;40.0;-24.248711305964278;0.002223502913245577
2962;38.5;-25.114736709748716;0.0002897041134946741
2963;37.0;-25.980762113533153;0.0044021286698971785
2964;35.5;-26.846787517317594;0.0025588189947525924
2965;34.0;-27.71281292110203;0.0002739734161324137
2966;32.5;-28.57883832488647;0.004782083906346937
2967;31.0;-29.44486372867091;0.0029080696720619487
2968;29.5;-30.310889132455348;0.00024918861247519747
2969;28.0;-31.176914536239785;0.005121214798505048
2970;26.5;-32.042939940024226;0.003267231118907146
2971;25.0;-32.90896534380866;0.00021730268686365694
2972;23.5;-33.7749907475931;0.005413567054950304
2973;22.0;-34.64101615137754;0.003630264813789268
2974;20.5;-35.507041555161976;0.0001811977265630509
2975;19.0;-36.37306695894642;0.00565626188920952
2976;17.5;-37.23909236273086;0.003989834540406169
2977;16.0;-38.10511776651529;0.00014415849832156223
2978;14.5;-38.97114317029973;0.005850249179057301
2979;13.0;-39.837168574084174;0.004338404643132275
2980;11.5;-40.70319397786861;0.00010922497857192142
2981;10.0;-41.56921938165305;0.006000202624896519
2982;8.5;-42.43524478543749;0.004669409282076621
2983;7.0;-43.301270189221924;7.865871752278274e-05
2984;5.5;-44.167295593006365;0.006113610119344876
2985;4.0;-45.033320996790806;0.004978113523586924
2986;2.5;-45.89934640057524;5.36915336143482e-05
2987;1.0;-46.76537180435968;0.0061993861337574846
2988;76.0;-1.732050807568875;0.00030214189449687877
2989;74.5;-2.598076211353316;0.0005986467424984969
2990;73.0;-3.46410161513775;0.0001200753085810297
2991;71.5;-4.330127018922191;0.00025836885019548224
2992;70.0;-5.196152422706632;0.0010359849899341334
2993;68.5;-6.062177826491066;0.00033680926115352484
2994;67.0;-6.928203230275507;0.0002644691589909755
2995;65.5;-7.794228634059948;0.0015012061607899733
2996;64.0;-8.660254037844382;0.0005817117796858758
2997;62.5;-9.526279441628823;0.0002824062071990564
2998;61.0;-10.392304845413264;0.0019757312622623166
2999;59.5;-11.258330249197698;0.0008409685960297644
3000;58.0;-12.124355652982139;0.0003026081851453801
3001;56.5;-12.99038105676658;0.0024525407666584524
3002;55.0;-13.856406460551018;0.0011121593998635923
3003;53.5;-14.722431864335455;0.000320672257459124
3004;52.0;-15.588457268119893;0.002927085966769669
3005;50.5;-16.454482671904334;0.0013963034586101243
3006;49.0;-17.32050807568877;0.0003336083440677204
3007;47.5;-18.18653347947321;0.003394747710867848
3008;46.0;-19.05255888325765;0.0016955207161896506
3009;44.5;-19.918584287042087;0.00033902385120921014
3010;43.0;-20.784609690826525;0.0038497855788289406
3011;41.5;-21.650635094610966;0.002011848830899417
3012;40.0;-22.516660498395403;0.0003350837682545698
3013;38.5;-23.38268590217984;0.004284923537267692
3014;37.0;-24.248711305964278;0.0023463009469268654
3015;35.5;-25.11473670974872;0.0003207648257280867
3016;34.0;-25.980762113533157;0.004691521047783583
3017;32.5;-26.846787517317594;0.002698027111720259
3018;31.0;-27.712812921102035;0.00029618673398815095
3019;29.5;-28.578838324886473;0.005060415513861737
3020;28.0;-29.44486372867091;0.003063720852035116
3021;26.5;-30.31088913245535;0.0002628216483483898
3022;25.0;-31.17691453623979;0.005383373104602895
3023;23.5;-32.042939940024226;0.003437510111247152
3024;22.0;-32.90896534380867;0.00022340274273753067
3025;20.5;-33.77499074759311;0.0056547906686588685
3026;19.0;-34.64101615137754;0.003811503064723392
3027;17.5;-35.50704155516198;0.00018146116273585474
3028;16.0;-36.373066958946424;0.005873059511460675
3029;14.5;-37.23909236273086;0.004176944726027544
3030;13.0;-38.1051177665153;0.0001406035010253416
3031;11.5;-38.97114317029973;0.006041051525999491
3032;10.0;-39.837168574084174;0.004525673508785471
3033;8.5;-40.703193977868615;0.00010379226012978681
3034;7.0;-41.56921938165305;0.006165535615419788
3035;5.5;-42.43524478543749;0.004851394096943223
3036;4.0;-43.30127018922193;7.289109825593551e-05
3037;2.5;-44.167295593006365;0.006255762127695348
3038;1.0;-45.033320996790806;0.005150348036161568
3039;76.0;0.0;0.0005208019806120346
3040;74.5;-0.866025403784441;2.95811659276797e-05
3041;73.0;-1.732050807568875;0.00036208006513667587
3042;71.5;-2.598076211353316;0.0008991775580308466
3043;70.0;-3.464101615137757;0.0001935558028986404
3044;68.5;-4.330127018922191;0.0003339495768918363
3045;67.0;-5.196152422706632;0.0013415115801358331
3046;65.5;-6.062177826491073;0.00041469833872767933
3047;64.0;-6.928203230275507;0.00033787065835028096
3048;62.5;-7.794228634059948;0.0018062466179206956
3049;61.0;-8.660254037844389;0.0006602337596727727
3050;59.5;-9.526279441628823;0.00035171943147290483
3051;58.0;-10.392304845413264;0.002280410412088287
3052;56.5;-11.258330249197705;0.0009216085260126444
3053;55.0;-12.124355652982143;0.0003673021193375263
3054;53.5;-12.99038105676658;0.002757739274011941
3055;52.0;-13.856406460551018;0.001197634587247119
3056;50.5;-14.722431864335459;0.00038008204347987715
3057;49.0;-15.588457268119896;0.0032333822376615774
3058;47.5;-16.454482671904334;0.00148979699995194
3059;46.0;-17.320508075688775;0.0003867741718773532
3060;44.5;-18.186533479473212;0.0037019042494935797
3061;43.0;-19.05255888325765;0.0018003622476459769
3062;41.5;-19.91858428704209;0.00038478606581476545
3063;40.0;-20.784609690826528;0.004156329639169048
3064;38.5;-21.650635094610966;0.002131143424899652
3065;37.0;-22.516660498395403;0.00037229773340097716
3066;35.5;-23.382685902179844;0.004587847218556444
3067;34.0;-24.24871130596428;0.0024824051169781746
3068;32.5;-25.11473670974872;0.0003486039436710131
3069;31.0;-25.98076211353316;0.004986262867129775
3070;29.5;-26.846787517317598;0.0028519229804683547
3071;28.0;-27.712812921102035;0.000314466346234717
3072;26.5;-28.578838324886476;0.005341283835954895
3073;25.0;-29.444863728670914;0.0032344599225685613
3074;23.5;-30.31088913245535;0.00027222231133488373
3075;22.0;-31.176914536239792;0.00564443337903059
3076;20.5;-32.042939940024226;0.003621967115726406
3077;19.0;-32.90896534380867;0.0002254670812426648
3078;17.5;-33.77499074759311;0.005891012724927669
3079;16.0;-34.64101615137754;0.004004634417339887
3080;14.5;-35.50704155516198;0.00017832152545800252
3081;13.0;-36.373066958946424;0.00608134754192236
3082;11.5;-37.23909236273086;0.004372563300643621
3083;10.0;-38.1051177665153;0.00013453311670763332
3084;8.5;-38.97114317029974;0.00622078723839086
3085;7.0;-39.837168574084174;0.004717508165618316
3086;5.5;-40.703193977868615;9.676275166502325e-05
3087;4.0;-41.569219381653056;0.006318462277673869
3088;2.5;-42.43524478543749;0.0050340624642850815
3089;1.0;-43.30127018922193;6.629621405447014e-05
3090;74.5;0.8660254037844339;0.000520801980612033
3091;73.0;0.0;0.0007986243985825492
3092;71.5;-0.866025403784441;8.522136434758439e-05
3093;70.0;-1.732050807568882;0.0004307595513574805
3094;68.5;-2.598076211353316;0.0012018134436702947
3095;67.0;-3.464101615137757;0.0002687269658002865
3096;65.5;-4.330127018922198;0.0004094049412833331
3097;64.0;-5.196152422706632;0.0016481895595160205
3098;62.5;-6.062177826491073;0.0004935792075218024
3099;61.0;-6.928203230275514;0.00041141297411762516
3100;59.5;-7.794228634059948;0.0021140070067859427
3101;58.0;-8.660254037844389;0.0007411542100741452
3102;56.5;-9.52627944162883;0.00042146017994004276
3103;55.0;-10.392304845413268;0.0025895377913415975
3104;53.5;-11.258330249197705;0.0010063089892483634
3105;52.0;-12.124355652982143;0.0004322992802536479
3106;50.5;-12.990381056766584;0.003069012142055427
3107;49.0;-13.856406460551021;0.0012890234400114652
3108;47.5;-14.722431864335459;0.00043931591874660117
3109;46.0;-15.5884572681199;0.003547125944331916
3110;44.5;-16.454482671904337;0.0015913060842321983
3111;43.0;-17.320508075688775;0.0004389904147422279
3112;41.5;-18.186533479473216;0.004017376025317228
3113;40.0;-19.052558883257653;0.0019155335980270255
3114;38.5;-19.91858428704209;0.0004286056431095322
3115;37.0;-20.784609690826528;0.004471209345585224
3116;35.5;-21.65063509461097;0.0022631031533012014
3117;34.0;-22.516660498395407;0.00040648871639588217
3118;32.5;-23.382685902179844;0.004897943030954873
3119;31.0;-24.248711305964285;0.002633164295822938
3120;29.5;-25.114736709748723;0.0003724555606035384
3121;28.0;-25.98076211353316;0.005285654429921766
3122;26.5;-26.8467875173176;0.003021624752473814
3123;25.0;-27.71281292110204;0.00032814525682780675
3124;23.5;-28.578838324886476;0.0056230640428445175
3125;22.0;-29.444863728670917;0.0034208381405146215
3126;20.5;-30.310889132455355;0.00027693994077972466
3127;19.0;-31.176914536239792;0.005901972066469991
3128;17.5;-32.04293994002423;0.0038203193715391492
3129;16.0;-32.908965343808674;0.00022332913883135904
3130;14.5;-33.77499074759311;0.006119366797956498
3131;13.0;-34.64101615137755;0.0042084637569797185
3132;11.5;-35.50704155516198;0.00017188053737223827
3133;10.0;-36.373066958946424;0.0062782933468357675
3134;8.5;-37.239092362730865;0.004574742274443663
3135;7.0;-38.1051177665153;0.0001262280624515003
3136;5.5;-38.97114317029974;0.006387085722312953
3137;4.0;-39.83716857408418;0.004911548261408659
3138;2.5;-40.703193977868615;8.847879256126464e-05
3139;1.0;-41.569219381653056;0.00645731879414301
3140;74.5;2.598076211353316;0.0007457848378828949
3141;73.0;1.732050807568882;2.014192090845956e-05
3142;71.5;0.866025403784441;0.0005651064726739297
3143;70.0;0.0;0.0010892316743386346
3144;68.5;-0.8660254037844339;0.00015003217906374674
3145;67.0;-1.732050807568875;0.0005025854981974881
3146;65.5;-2.598076211353316;0.0015063179768637302
3147;64.0;-3.46410161513775;0.0003451255504274767
3148;62.5;-4.330127018922191;0.0004848956338868028
3149;61.0;-5.196152422706632;0.0019569111504336295
3150;59.5;-6.062177826491066;0.0005737783474991966
3151;58.0;-6.928203230275507;0.0004850856952708978
3152;56.5;-7.794228634059948;0.002425445150991959
3153;55.0;-8.660254037844386;0.0008247989541340125
3154;53.5;-9.526279441628823;0.0004914285621834614
3155;52.0;-10.39230484541326;0.0029041926409368053
3156;50.5;-11.258330249197702;0.0010955274963100202
3157;49.0;-12.124355652982139;0.0004972860675683381
3158;47.5;-12.990381056766577;0.0033875757533824353
3159;46.0;-13.856406460551018;0.001387042533824861
3160;44.5;-14.722431864335455;0.0004979473125149875
3161;43.0;-15.588457268119893;0.0038695753766510143
3162;41.5;-16.454482671904334;0.001701877087713927
3163;40.0;-17.32050807568877;0.000489690909473905
3164;38.5;-18.18653347947321;0.004342252529751179
3165;37.0;-19.052558883257646;0.002042405176704837
3166;35.5;-19.918584287042087;0.00046976769644997804
3167;34.0;-20.784609690826525;0.004795037433861191
3168;32.5;-21.650635094610962;0.002409302225454173
3169;31.0;-22.516660498395403;0.00043683768636566865
3170;29.5;-23.38268590217984;0.005215010512528736
3171;28.0;-24.248711305964278;0.0028000947925187775
3172;26.5;-25.11473670974872;0.0003915089235474142
3173;25.0;-25.980762113533157;0.005588443358990758
3174;23.5;-26.846787517317594;0.0032082155386346503
3175;22.0;-27.712812921102035;0.0003365750105146051
3176;20.5;-28.578838324886473;0.005903450087442462
3177;19.0;-29.44486372867091;0.003623124991029233
3178;17.5;-30.31088913245535;0.0002766198876330683
3179;16.0;-31.17691453623979;0.006152931783747723
3180;14.5;-32.042939940024226;0.004031795988695463
3181;13.0;-32.90896534380867;0.00021697162494036228
3182;11.5;-33.7749907475931;0.006336578725423664
3183;10.0;-34.64101615137754;0.004421227070223848
3184;8.5;-35.50704155516198;0.00016239357909537293
3185;7.0;-36.37306695894642;0.006460978968658118
3186;5.5;-37.23909236273086;0.004781043299048093
3187;4.0;-38.1051177665153;0.00011608244290145406
3188;2.5;-38.97114317029973;0.006537789001460066
3189;1.0;-39.837168574084174;0.0051051423200784395
3190;73.0;3.464101615137757;0.0007457848378828926
3191;71.5;2.598076211353316;0.0010110515369706752
3192;70.0;1.732050807568875;6.440172273979697e-05
3193;68.5;0.866025403784441;0.0006239225465565186
3194;67.0;0.0;0.001385864716474726
3195;65.5;-0.866025403784441;0.00021930012080555438
3196;64.0;-1.732050807568875;0.0005761213133366003
3197;62.5;-2.598076211353316;0.0018130634040419416
3198;61.0;-3.464101615137757;0.0004227027582913395
3199;59.5;-4.330127018922191;0.0005606122693421178
3200;58.0;-5.196152422706632;0.0022687048263809726
3201;56.5;-6.062177826491073;0.0006556806502967495
3202;55.0;-6.9282032302755105;0.0005589700139817407
3203;53.5;-7.794228634059948;0.002741764377422301
3204;52.0;-8.660254037844386;0.0009116578217645769
3205;50.5;-9.526279441628827;0.0005615425872715446
3206;49.0;-10.392304845413264;0.0032257451228488404
3207;47.5;-11.258330249197702;0.0011899555049160588
3208;46.0;-12.124355652982143;0.0005620290899227418
3209;44.5;-12.99038105676658;0.003714923546157544
3210;43.0;-13.856406460551018;0.0014926971906816134
3211;41.5;-14.722431864335459;0.0005555671285283286
3212;40.0;-15.588457268119896;0.004202187866937001
3213;38.5;-16.454482671904334;0.0018228906632667746
3214;37.0;-17.32050807568877;0.0005382607190258187
3215;35.5;-18.186533479473212;0.004677660391627296
3216;34.0;-19.05255888325765;0.002182692857436905
3217;32.5;-19.918584287042087;0.0005074616854266483
3218;31.0;-20.784609690826528;0.005128214627520149
3219;29.5;-21.650635094610966;0.0025715945052154025
3220;28.0;-22.516660498395403;0.0004624279639968813
3221;26.5;-23.382685902179844;0.005538345362873836
3222;25.0;-24.24871130596428;0.0029848166763031436
3223;23.5;-25.11473670974872;0.0004049116263458192
3224;22.0;-25.98076211353316;0.005892639192951797
3225;20.5;-26.846787517317598;0.0034126097950863228
3226;19.0;-27.712812921102035;0.000339162513568982
3227;17.5;-28.578838324886476;0.006179337958631297
3228;16.0;-29.444863728670914;0.0038411325964525663
3229;14.5;-30.31088913245535;0.00027105520848757017
3230;13.0;-31.176914536239792;0.006393630288617814
3231;11.5;-32.042939940024226;0.004254981950160581
3232;10.0;-32.90896534380867;0.0002065660963946665
3233;8.5;-33.77499074759311;0.006539102264771476
3234;7.0;-34.64101615137754;0.004640517221127744
3235;5.5;-35.50704155516198;0.00015027997067993692
3236;4.0;-36.373066958946424;0.006626605012448643
3237;2.5;-37.23909236273086;0.0049885694456505685
3238;1.0;-38.1051177665153;0.00010458722635962062
3239;73.0;5.196152422706632;0.0009725337235992883
3240;71.5;4.330127018922191;1.5026566091912104e-05
3241;70.0;3.46410161513775;0.0007795613065344852
3242;68.5;2.598076211353316;0.001292092881536359
3243;67.0;1.732050807568875;0.0001202806135551469
3244;65.5;0.8660254037844339;0.0006895850850950353
3245;64.0;0.0;0.0016866411893993992
3246;62.5;-0.866025403784441;0.00029125552870381394
3247;61.0;-1.732050807568882;0.0006509576695798849
3248;59.5;-2.598076211353316;0.002122777394586223
3249;58.0;-3.464101615137757;0.000501596775052654
3250;56.5;-4.330127018922198;0.0006367833573503106
3251;55.0;-5.196152422706636;0.0025847898579581937
3252;53.5;-6.062177826491073;0.0007397465416584643
3253;52.0;-6.9282032302755105;0.0006332056571816682
3254;50.5;-7.794228634059952;0.0030644251133069545
3255;49.0;-8.660254037844389;0.0010023783984000655
3256;47.5;-9.526279441628827;0.0006317824751922081
3257;46.0;-10.392304845413268;0.003555857969341379
3258;44.5;-11.258330249197705;0.0012905238930589302
3259;43.0;-12.124355652982143;0.0006263162024511164
3260;41.5;-12.990381056766584;0.004052818384208261
3261;40.0;-13.856406460551021;0.0016073105905386076
3262;38.5;-14.722431864335459;0.000611721601179949
3263;37.0;-15.588457268119896;0.004546579683996118
3264;35.5;-16.454482671904337;0.001956105674850872
3265;34.0;-17.320508075688775;0.0005839733304954521
3266;32.5;-18.186533479473212;0.00502466035746076
3267;31.0;-19.052558883257653;0.002338489243899089
3268;29.5;-19.91858428704209;0.0005407310886653693
3269;28.0;-20.784609690826528;0.005470749725720513
3270;26.5;-21.65063509461097;0.0027520912984344247
3271;25.0;-22.516660498395407;0.00048222762699322535
3272;23.5;-23.382685902179844;0.005866511796573555
3273;22.0;-24.248711305964285;0.0031889446589843974
3274;20.5;-25.114736709748723;0.000411797169050446
3275;19.0;-25.98076211353316;0.006195316538701248
3276;17.5;-26.8467875173176;0.0036353625457314635
3277;16.0;-27.71281292110204;0.000335431804251989
3278;14.5;-28.578838324886476;0.006446752090918046
3279;13.0;-29.444863728670917;0.004074002668142957
3280;11.5;-30.310889132455355;0.00026024997091202775
3281;10.0;-31.176914536239792;0.006619854384851325
3282;8.5;-32.04293994002423;0.004487670833267523
3283;7.0;-32.90896534380867;0.00019250551608062145
3284;5.5;-33.77499074759311;0.006723340342833609
3285;4.0;-34.64101615137755;0.004863263738582326
3286;2.5;-35.50704155516198;0.00013611556242423953
3287;1.0;-36.373066958946424;0.006772740754446409
3288;71.5;6.062177826491073;0.0009725337235992858
3289;70.0;5.196152422706632;0.0012293357414995074
3290;68.5;4.330127018922198;5.099758502482624e-05
3291;67.0;3.464101615137757;0.0008296954272936684
3292;65.5;2.598076211353316;0.0015817870096006474
3293;64.0;1.732050807568882;0.0001825669533599165
3294;62.5;0.866025403784441;0.0007593884396363343
3295;61.0;0.0;0.0019912311923185417
3296;59.5;-0.8660254037844339;0.00036516693267029385
3297;58.0;-1.732050807568875;0.000727071691404746
3298;56.5;-2.598076211353316;0.0024364711252401992
3299;55.0;-3.4641016151377535;0.000582066602708674
3300;53.5;-4.330127018922191;0.0007136790505820903
3301;52.0;-5.1961524227066285;0.00290661740273523
3302;50.5;-6.0621778264910695;0.0008265323768719486
3303;49.0;-6.928203230275507;0.0007079736242771669
3304;47.5;-7.7942286340599445;0.0033951754171164675
3305;46.0;-8.660254037844386;0.0010977857712221894
3306;44.5;-9.526279441628823;0.000702152739318597
3307;43.0;-10.39230484541326;0.0038965094891876303
3308;41.5;-11.258330249197702;0.0013984396552580104
3309;40.0;-12.124355652982139;0.0006899044739197948
3310;38.5;-12.990381056766577;0.004403292714870425
3311;37.0;-13.856406460551014;0.0017325827356487126
3312;35.5;-14.722431864335455;0.0006658477244783933
3313;34.0;-15.588457268119893;0.004904468251363071
3314;32.5;-16.45448267190433;0.0021037237743846463
3315;31.0;-17.32050807568877;0.000625923842939904
3316;29.5;-18.18653347947321;0.005384095854653774
3317;28.0;-19.052558883257646;0.002512292393770595
3318;26.5;-19.918584287042087;0.0005684287312825988
3319;25.0;-20.784609690826525;0.005822013795564114
3320;23.5;-21.650635094610962;0.00295310078274128
3321;22.0;-22.516660498395403;0.0004950944362816124
3322;20.5;-23.38268590217984;0.006197068150627799
3323;19.0;-24.248711305964278;0.0034139098452835226
3324;17.5;-25.11473670974872;0.00041134573111260354
3325;16.0;-25.980762113533157;0.006492431780622276
3326;14.5;-26.846787517317594;0.0038764109891803564
3327;13.0;-27.712812921102035;0.00032511113989401895
3328;11.5;-28.578838324886473;0.006700855454157346
3329;10.0;-29.44486372867091;0.004319971246705741
3330;8.5;-30.31088913245535;0.0002444844775897658
3331;7.0;-31.17691453623979;0.00682706901721012
3332;5.5;-32.042939940024226;0.004726761026285831
3333;4.0;-32.90896534380867;0.00017541767529261583
3334;2.5;-33.7749907475931;0.006885952286656683
3335;1.0;-34.64101615137754;0.0050857979625984085
3336;71.5;7.794228634059948;0.0011993447938763596
3337;70.0;6.928203230275507;1.1875500562943374e-05
3338;68.5;6.062177826491073;0.000999558786745116
3339;67.0;5.196152422706632;0.00150210962096364
3340;65.5;4.330127018922191;9.905474084955284e-05
3341;64.0;3.464101615137757;0.0008891764112690986
3342;62.5;2.598076211353316;0.0018775578058123534
3343;61.0;1.732050807568875;0.00024881250339581755
3344;59.5;0.866025403784441;0.0008322891463690314
3345;58.0;0.0;0.0023000429911226397
3346;56.5;-0.866025403784441;0.00044076888363724846
3347;55.0;-1.7320508075688785;0.0008046371449534249
3348;53.5;-2.598076211353316;0.0027554292999570017
3349;52.0;-3.4641016151377535;0.0006644749222712311
3350;50.5;-4.3301270189221945;0.0007916144080193862
3351;49.0;-5.196152422706632;0.003235916778711649
3352;47.5;-6.0621778264910695;0.0009167176430137393
3353;46.0;-6.9282032302755105;0.000783484236880155
3354;44.5;-7.794228634059948;0.0037360992155755393
3355;43.0;-8.660254037844386;0.0011989234451054661
3356;41.5;-9.526279441628827;0.0007726483777078488
3357;40.0;-10.392304845413264;0.004250032121639171
3358;38.5;-11.258330249197702;0.0015152519823300652
3359;37.0;-12.124355652982139;0.0007524637783658116
3360;35.5;-12.99038105676658;0.0047686452104562654
3361;34.0;-13.856406460551018;0.0018706794930008158
3362;32.5;-14.722431864335455;0.0007171981962416935
3363;31.0;-15.588457268119896;0.0052775757080337415
3364;29.5;-16.454482671904334;0.0022684697196909604
3365;28.0;-17.32050807568877;0.0006629565969567367
3366;26.5;-18.186533479473212;0.005756365660647117
3367;25.0;-19.05255888325765;0.0027070140617933757
3368;23.5;-19.918584287042087;0.0005891857398977003
3369;22.0;-20.784609690826528;0.006180410757523987
3370;20.5;-21.650635094610966;0.003176998666737147
3371;19.0;-22.516660498395403;0.0004998170457563611
3372;17.5;-23.382685902179844;0.006526258485756536
3373;16.0;-24.24871130596428;0.0036606858057680364
3374;14.5;-25.11473670974872;0.00040288623236772817
3375;13.0;-25.98076211353316;0.006778699244864657
3376;11.5;-26.846787517317598;0.004134749497207415
3377;10.0;-27.712812921102035;0.0003082389522296203
3378;8.5;-28.578838324886476;0.006936095300708555
3379;7.0;-29.444863728670914;0.004576146914040496
3380;5.5;-30.31088913245535;0.00022436611294684316
3381;4.0;-31.17691453623979;0.007010763027729851
3382;2.5;-32.042939940024226;0.004968243145423711
3383;1.0;-32.90896534380867;0.00015614683448997427
3384;70.0;8.660254037844386;0.0011993447938763566
3385;68.5;7.794228634059952;0.0014499068652793195
3386;67.0;6.9282032302755105;4.175541434880494e-05
3387;65.5;6.0621778264910695;0.0010429809783864387
3388;64.0;5.196152422706636;0.0017848800566150544
3389;62.5;4.3301270189221945;0.00015447456345099228
3390;61.0;3.4641016151377535;0.000954934560507117
3391;59.5;2.5980762113533196;0.0021786309720252524
3392;58.0;1.7320508075688785;0.0003177800091834553
3393;56.5;0.8660254037844375;0.0009079602188627456
3394;55.0;0.0;0.002613957322316743
3395;53.5;-0.8660254037844375;0.0005180516512724169
3396;52.0;-1.732050807568875;0.0008839582383788988
3397;50.5;-2.598076211353316;0.00308123201469176
3398;49.0;-3.4641016151377535;0.0007492922565212307
3399;47.5;-4.330127018922191;0.0008709531786688969
3400;46.0;-5.196152422706632;0.003574755761045816
3401;44.5;-6.0621778264910695;0.0010111428738640421
3402;43.0;-6.928203230275507;0.0008599653573927114
3403;41.5;-7.794228634059948;0.004089684340169682
3404;40.0;-8.660254037844386;0.001307117972875879
3405;38.5;-9.526279441628823;0.0008432161231936997
3406;37.0;-10.39230484541326;0.004619162602532973
3407;35.5;-11.258330249197702;0.0016429523298248485
3408;34.0;-12.124355652982139;0.0008135061660260511
3409;32.5;-12.990381056766577;0.00515141836164302
3410;31.0;-13.856406460551018;0.0020243543623227585
3411;29.5;-14.722431864335455;0.000764749207921461
3412;28.0;-15.588457268119894;0.005667462971984533
3413;26.5;-16.45448267190433;0.0024536776557955516
3414;25.0;-17.32050807568877;0.000693590482793367
3415;23.5;-18.186533479473212;0.006141085662965562
3416;22.0;-19.052558883257646;0.0029259369800715323
3417;20.5;-19.918584287042087;0.0006014097866234232
3418;19.0;-20.784609690826525;0.006542954050933736
3419;17.5;-21.650635094610962;0.003425988015410656
3420;16.0;-22.516660498395403;0.0004952103147768717
3421;14.5;-23.38268590217984;0.006848708308703317
3422;13.0;-24.248711305964278;0.0039293963007012616
3423;11.5;-25.11473670974872;0.00038604231254340653
3424;10.0;-25.980762113533157;0.007047598694092911
3425;8.5;-26.846787517317594;0.004408062595744873
3426;7.0;-27.712812921102035;0.0002852714686840986
3427;5.5;-28.578838324886473;0.007146539080703193
3428;4.0;-29.44486372867091;0.004838364023552245
3429;2.5;-30.31088913245535;0.00020084415447394477
3430;1.0;-31.17691453623979;0.0071669287288040505
3431;70.0;10.39230484541326;0.0014252163302889886
3432;68.5;9.526279441628827;9.737393295775384e-06
3433;67.0;8.660254037844386;0.001222003240318819
3434;65.5;7.7942286340599445;0.0017155340485752364
3435;64.0;6.9282032302755105;8.324354134512373e-05
3436;62.5;6.0621778264910695;0.0010972027543220703
3437;61.0;5.1961524227066285;0.0020750603792726984
3438;59.5;4.3301270189221945;0.00021464638494224158
3439;58.0;3.4641016151377535;0.0010256001110232266
3440;56.5;2.5980762113533125;0.0024851598059596105
3441;55.0;1.732050807568875;0.00038883891858213914
3442;53.5;0.8660254037844375;0.0009864546642512062
3443;52.0;0.0;0.0029342398119777215
3444;50.5;-0.866025403784441;0.0005971761906499498
3445;49.0;-1.7320508075688785;0.0009654479055641419
3446;47.5;-2.598076211353316;0.0034158017596929977
3447;46.0;-3.464101615137757;0.0008371153048306335
3448;44.5;-4.3301270189221945;0.000952112254281089
3449;43.0;-5.196152422706632;0.003925622597336313
3450;41.5;-6.062177826491073;0.0011108637800964704
3451;40.0;-6.9282032302755105;0.0009376466644395058
3452;38.5;-7.794228634059948;0.004458914413004461
3453;37.0;-8.660254037844386;0.001424075082759607
3454;35.5;-9.526279441628827;0.0009137018912924115
3455;34.0;-10.392304845413264;0.005007097977716655
3456;32.5;-11.258330249197702;0.0017841180091107305
3457;31.0;-12.124355652982143;0.0008722902858678635
3458;29.5;-12.99038105676658;0.005554331345608795
3459;28.0;-13.85640646055102;0.0021971050576847706
3460;26.5;-14.722431864335457;0.0008070864505255424
3461;25.0;-15.588457268119896;0.006075248066090534
3462;23.5;-16.454482671904337;0.002663362089689821
3463;22.0;-17.32050807568877;0.0007159535184285532
3464;20.5;-18.186533479473212;0.006536599378910986
3465;19.0;-19.05255888325765;0.003172571062265796
3466;17.5;-19.918584287042087;0.0006033383978765543
3467;16.0;-20.784609690826528;0.00690476037730874
3468;14.5;-21.650635094610966;0.0037016961971861775
3469;13.0;-22.516660498395403;0.00048028285777333035
3470;11.5;-23.382685902179844;0.007157202905141587
3471;10.0;-24.24871130596428;0.004218800505650676
3472;8.5;-25.11473670974872;0.00036091196913124314
3473;7.0;-25.98076211353316;0.007291610132281023
3474;5.5;-26.846787517317598;0.004692379334363377
3475;4.0;-27.712812921102035;0.00025716167534665604
3476;2.5;-28.578838324886476;0.0073264374391824
3477;1.0;-29.444863728670914;0.005101196572245246
3478;68.5;11.258330249197705;0.0014252163302889852
3479;67.0;10.392304845413264;0.0016705626532931704
3480;65.5;9.526279441628823;3.499141480668125e-05
3481;64.0;8.660254037844389;0.0012605092860625072
3482;62.5;7.794228634059948;0.0019916085424252785
3483;61.0;6.928203230275507;0.00013232799506585392
3484;59.5;6.062177826491073;0.0011593643676865136
3485;58.0;5.196152422706632;0.002371714857771674
3486;56.5;4.330127018922191;0.00027806440403030445
3487;55.0;3.4641016151377535;0.0011006545358237727
3488;53.5;2.598076211353316;0.002797892964406194
3489;52.0;1.7320508075688785;0.0004617013550892268
3490;50.5;0.8660254037844375;0.001068073045933902
3491;49.0;0.0;0.0032625316698519278
3492;47.5;-0.8660254037844375;0.0006784419336969561
3493;46.0;-1.7320508075688785;0.0010496267053459168
3494;44.5;-2.598076211353316;0.0037614778095936543
3495;43.0;-3.4641016151377535;0.0009286995150104822
3496;41.5;-4.3301270189221945;0.0010355663975829257
3497;40.0;-5.196152422706632;0.004291539221956496
3498;38.5;-6.0621778264910695;0.001217230035802023
3499;37.0;-6.928203230275507;0.0010167348078414054
3500;35.5;-7.794228634059948;0.004847389792138731
3501;34.0;-8.660254037844386;0.0015520208971845253
3502;32.5;-9.526279441628823;0.0009837728961599086
3503;31.0;-10.392304845413264;0.0054175451777476475
3504;29.5;-11.258330249197702;0.0019421132867511461
3505;28.0;-12.12435565298214;0.000927688066517294
3506;26.5;-12.990381056766578;0.0059801236780251815
3507;25.0;-13.856406460551018;0.0023933613405285026
3508;23.5;-14.722431864335457;0.0008422698244861667
3509;22.0;-15.588457268119894;0.00650114156685692
3510;20.5;-16.454482671904334;0.00290222999882295
3511;19.0;-17.32050807568877;0.0007277525653615571
3512;17.5;-18.186533479473212;0.006939301567235194
3513;16.0;-19.05255888325765;0.0034503315261213874
3514;14.5;-19.918584287042087;0.0005931838091808978
3515;13.0;-20.784609690826528;0.007258517130360059
3516;11.5;-21.650635094610966;0.004004557708598764
3517;10.0;-22.516660498395403;0.0004544860649505963
3518;8.5;-23.382685902179844;0.007442680757512749
3519;7.0;-24.24871130596428;0.004525695493472011
3520;5.5;-25.11473670974872;0.0003282487252378166
3521;4.0;-25.980762113533157;0.007502778365152459
3522;2.5;-26.846787517317598;0.004981863688677774
3523;1.0;-27.712812921102035;0.00022536892650570686
3524;68.5;12.990381056766584;0.0016492853976736647
3525;67.0;12.124355652982143;8.175925265441624e-06
3526;65.5;11.258330249197702;0.001445000302663856
3527;64.0;10.392304845413268;0.001929714320799701
3528;62.5;9.526279441628827;7.097830017930753e-05
3529;61.0;8.660254037844386;0.0013106267666326344
3530;59.5;7.794228634059952;0.002275859587733587
3531;58.0;6.9282032302755105;0.00018650081432233407
3532;56.5;6.0621778264910695;0.001228062669894941
3533;55.0;5.196152422706632;0.0026748537561160825
3534;53.5;4.3301270189221945;0.0003438381916333474
3535;52.0;3.464101615137757;0.001180076286022806
3536;50.5;2.598076211353316;0.003118047020819398
3537;49.0;1.7320508075688785;0.0005362970689126218
3538;47.5;0.866025403784441;0.0011533146701750866
3539;46.0;0.0;0.0036008886339869467
3540;44.5;-0.8660254037844375;0.0007622823868418349
3541;43.0;-1.732050807568875;0.0011371345703884341
3542;41.5;-2.598076211353316;0.004121126107493485
3543;40.0;-3.4641016151377535;0.001025010175989641
3544;38.5;-4.330127018922191;0.001121852091505979
3545;37.0;-5.1961524227066285;0.004676218889680624
3546;35.5;-6.0621778264910695;0.0013320021893193637
3547;34.0;-6.928203230275507;0.0010973711961353345
3548;32.5;-7.7942286340599445;0.0052594825349485935
3549;31.0;-8.660254037844386;0.0016939098229099656
3550;29.5;-9.526279441628823;0.001052797395991291
3551;28.0;-10.392304845413262;0.005854737118742844
3552;26.5;-11.2583302491977;0.0021213653239609623
3553;25.0;-12.124355652982139;0.000977999125932269
3554;23.5;-12.990381056766578;0.006431233208309338
3555;22.0;-13.856406460551016;0.0026186845978434805
3556;20.5;-14.722431864335455;0.0008676896438887726
3557;19.0;-15.588457268119893;0.006943709121654524
3558;17.5;-16.45448267190433;0.0031755514893326326
3559;16.0;-17.32050807568877;0.0007263261376604739
3560;14.5;-18.18653347947321;0.0073427694565118065
3561;13.0;-19.052558883257646;0.003761932683016663
3562;11.5;-19.918584287042087;0.0005694110472180528
3563;10.0;-20.784609690826525;0.007594061071292189
3564;8.5;-21.650635094610962;0.004332961081103662
3565;7.0;-22.516660498395403;0.0004180283460939844
3566;5.5;-23.38268590217984;0.007694628419562266
3567;4.0;-24.248711305964278;0.004844354236340886
3568;2.5;-25.11473670974872;0.0002895845659177763
3569;1.0;-25.980762113533157;0.00767367291831649
3570;67.0;13.856406460551018;0.0016492853976736615
3571;65.5;12.990381056766577;0.0018897063155892276
3572;64.0;12.124355652982143;2.978531935821677e-05
3573;62.5;11.258330249197702;0.0014800117578703915
3574;61.0;10.39230484541326;0.0021992144599940547
3575;59.5;9.526279441628827;0.0001143445991309457
3576;58.0;8.660254037844386;0.001369944901706651
3577;56.5;7.7942286340599445;0.0025673776420161326
3578;55.0;6.928203230275507;0.000244158491676071
3579;53.5;6.0621778264910695;0.0013027347239152943
3580;52.0;5.196152422706632;0.002985124299170508
3581;50.5;4.330127018922191;0.00041144278997979624
3582;49.0;3.4641016151377535;0.0012641880953236345
3583;47.5;2.598076211353316;0.0034472764322192955
3584;46.0;1.732050807568875;0.0006127122268880852
3585;44.5;0.8660254037844375;0.001242871325083434
3586;43.0;0.0;0.003951862647767374
3587;41.5;-0.866025403784441;0.0008492804190273354
3588;40.0;-1.7320508075688785;0.0012287535723111093
3589;38.5;-2.598076211353316;0.0044982992596282155
3590;37.0;-3.4641016151377535;0.0011273008383155443
3591;35.5;-4.3301270189221945;0.0012115678665394485
3592;34.0;-5.196152422706632;0.005084287317373394
3593;32.5;-6.0621778264910695;0.0014575287714454319
3594;31.0;-6.9282032302755105;0.0011795580586988956
3595;29.5;-7.794228634059948;0.0057005264111215925
3596;28.0;-8.660254037844387;0.0018537322480506847
3597;26.5;-9.526279441628825;0.0011196561198201494
3598;25.0;-10.392304845413264;0.006323358003825877
3599;23.5;-11.258330249197703;0.002327731248894765
3600;22.0;-12.12435565298214;0.0010207004379524012
3601;20.5;-12.99038105676658;0.006909181675269384
3602;19.0;-13.856406460551018;0.0028799231318164483
3603;17.5;-14.722431864335457;0.0008799532520627161
3604;16.0;-15.588457268119896;0.007398758761137706
3605;14.5;-16.454482671904334;0.0034887450171852134
3606;13.0;-17.32050807568877;0.0007088566500332471
3607;11.5;-18.186533479473212;0.007736778309965653
3608;10.0;-19.05255888325765;0.004108377050959693
3609;8.5;-19.918584287042087;0.000531177454111833
3610;7.0;-20.784609690826528;0.007898324578177456
3611;5.5;-21.650635094610966;0.004682223834473453
3612;4.0;-22.516660498395403;0.00037219106206678597
3613;2.5;-23.382685902179844;0.007902080886145399
3614;1.0;-24.24871130596428;0.005166226202458871
3615;67.0;15.588457268119896;0.0018706784021349314
3616;65.5;14.722431864335455;6.969309414598782e-06
3617;64.0;13.856406460551021;0.00166715483713429
3618;62.5;12.99038105676658;0.0021426159994260984
3619;61.0;12.124355652982139;6.111298307367625e-05
3620;59.5;11.258330249197705;0.00152711381507381
3621;58.0;10.392304845413264;0.0024772029134674045
3622;56.5;9.526279441628823;0.00016278545416908446
3623;55.0;8.660254037844386;0.0014372102966149446
3624;53.5;7.794228634059948;0.0028661170286236578
3625;52.0;6.9282032302755105;0.00030424818891540146
3626;50.5;6.0621778264910695;0.00138336234990722
3627;49.0;5.196152422706632;0.0033036781826561367
3628;47.5;4.3301270189221945;0.00048058325411450356
3629;46.0;3.4641016151377535;0.0013535999281678217
3630;44.5;2.598076211353316;0.0037877041790894514
3631;43.0;1.7320508075688785;0.000691161298504585
3632;41.5;0.8660254037844375;0.0013376498257569023
3633;40.0;0.0;0.004318633605508393
3634;38.5;-0.8660254037844375;0.0009402030181526729
3635;37.0;-1.732050807568875;0.001325442812878205
3636;35.5;-2.598076211353316;0.004897470870412222
3637;34.0;-3.4641016151377535;0.00123723482714396
3638;32.5;-4.330127018922191;0.0013053653127343984
3639;31.0;-5.196152422706632;0.005521594865748771
3640;29.5;-6.0621778264910695;0.0015970205904404784
3641;28.0;-6.928203230275509;0.001263026952739316
3642;26.5;-7.794228634059946;0.006177029641421063
3643;25.0;-8.660254037844386;0.0020369713049888413
3644;23.5;-9.526279441628825;0.0011824469456201696
3645;22.0;-10.392304845413262;0.006828261198588367
3646;20.5;-11.258330249197702;0.002568958153264446
3647;19.0;-12.124355652982139;0.0010521328033602597
3648;17.5;-12.990381056766578;0.00741347035930958
3649;16.0;-13.856406460551018;0.0031851920771737915
3650;14.5;-14.722431864335455;0.0008748895475592329
3651;13.0;-15.588457268119894;0.007857781985581014
3652;11.5;-16.454482671904334;0.0038464517685546373
3653;10.0;-17.32050807568877;0.000672841522051268
3654;8.5;-18.186533479473212;0.0081064473880721
3655;7.0;-19.05255888325765;0.004487462394525941
3656;5.5;-19.918584287042087;0.00047890920826299655
3657;4.0;-20.784609690826525;0.00815603545148223
3658;2.5;-21.650635094610966;0.005043629838499516
3659;1.0;-22.516660498395403;0.00031952033425405337
3660;65.5;16.45448267190433;0.001870678402134928
3661;64.0;15.588457268119896;0.0021060100254253985
3662;62.5;14.722431864335455;2.5608431528256284e-05
3663;61.0;13.856406460551014;0.0016997416239586214
3664;59.5;12.99038105676658;0.0024054514766945886
3665;58.0;12.124355652982139;9.934305372896994e-05
3666;56.5;11.258330249197698;0.001584390934693581
3667;55.0;10.39230484541326;0.0027628846105198003
3668;53.5;9.526279441628823;0.00021469845980455433
3669;52.0;8.660254037844386;0.0015119293718918875
3670;50.5;7.7942286340599445;0.0031726461718206175
3671;49.0;6.928203230275507;0.00036605899283185785
3672;47.5;6.0621778264910695;0.0014703362496141412
3673;46.0;5.1961524227066285;0.0036321321368980343
3674;44.5;4.330127018922191;0.000551116501298818
3675;43.0;3.4641016151377535;0.001449207367064361
3676;41.5;2.5980762113533125;0.0041420040425770716
3677;40.0;1.732050807568875;0.0007719788643271784
3678;38.5;0.8660254037844375;0.0014388217495310456
3679;37.0;0.0;0.004705210101222558
3680;35.5;-0.866025403784441;0.0010360610742214064
3681;34.0;-1.7320508075688785;0.0014283886923197402
3682;32.5;-2.598076211353316;0.005324384311138348
3683;31.0;-3.464101615137757;0.0013570779703645512
3684;29.5;-4.3301270189221945;0.0014039181371023515
3685;28.0;-5.196152422706634;0.00599565819503577
3686;26.5;-6.062177826491071;0.0017549853377409237
3687;25.0;-6.9282032302755105;0.0013470027691550688
3688;23.5;-7.79422863405995;0.006696861629440279
3689;22.0;-8.660254037844387;0.0022512774525549747
3690;20.5;-9.526279441628827;0.001238031021474665
3691;19.0;-10.392304845413264;0.007373752349726571
3692;17.5;-11.258330249197703;0.002855187986303449
3693;16.0;-12.124355652982143;0.001067169008181302
3694;14.5;-12.99038105676658;0.007939711499874717
3695;13.0;-13.85640646055102;0.00354340740580923
3696;11.5;-14.722431864335459;0.0008478348761771543
3697;10.0;-15.588457268119896;0.008306020831470303
3698;8.5;-16.454482671904337;0.004250803259797805
3699;7.0;-17.320508075688775;0.0006169077256897704
3700;5.5;-18.186533479473212;0.008432042111218056
3701;4.0;-19.05255888325765;0.004891905357303627
3702;2.5;-19.91858428704209;0.00041488044805548834
3703;1.0;-20.784609690826528;0.00835160787026861
3704;65.5;18.18653347947321;0.002088481413039956
3705;64.0;17.320508075688775;5.99547625140277e-06
3706;62.5;16.454482671904334;0.001887269807203008
3707;61.0;15.588457268119893;0.00235256003109071
3708;59.5;14.722431864335459;5.292960048563177e-05
3709;58.0;13.856406460551018;0.0017447436744356091
3710;56.5;12.990381056766577;0.002676740712945141
3711;55.0;12.124355652982139;0.00014239217050957865
3712;53.5;11.258330249197702;0.0016508236945260563
3713;52.0;10.392304845413264;0.0030562014640082556
3714;50.5;9.526279441628823;0.00026893986091284193
3715;49.0;8.660254037844386;0.0015941542800832031
3716;47.5;7.794228634059948;0.0034880280655988512
3717;46.0;6.928203230275507;0.00042909324603575456
3718;44.5;6.0621778264910695;0.0015644087147321658
3719;43.0;5.196152422706632;0.003972588981726252
3720;41.5;4.330127018922191;0.0006230026592738881
3721;40.0;3.4641016151377535;0.001552232490519753
3722;38.5;2.598076211353316;0.004513540635885475
3723;37.0;1.7320508075688785;0.0008556260044353735
3724;35.5;0.8660254037844375;0.0015479069415993269
3725;34.0;0.0;0.005116734194296884
3726;32.5;-0.8660254037844375;0.001138206847046778
3727;31.0;-1.7320508075688785;0.0015390758777188947
3728;29.5;-2.598076211353316;0.005786583552035304
3729;28.0;-3.4641016151377553;0.0014900141308456444
3730;26.5;-4.330127018922193;0.0015078414703540359
3731;25.0;-5.196152422706632;0.006516280156221566
3732;23.5;-6.062177826491071;0.0019379314876910678
3733;22.0;-6.928203230275509;0.0014297784688735286
3734;20.5;-7.794228634059948;0.007269274437139917
3735;19.0;-8.660254037844386;0.0025074430412613358
3736;17.5;-9.526279441628825;0.0012813665514571292
3737;16.0;-10.392304845413264;0.007962017847620696
3738;14.5;-11.258330249197702;0.0031993262435515844
3739;13.0;-12.12435565298214;0.0010590124720735539
3740;11.5;-12.99038105676658;0.008476700526668974
3741;10.0;-13.856406460551018;0.003962878068991534
3742;8.5;-14.722431864335457;0.000794449407153585
3743;7.0;-15.588457268119896;0.00872060197262176
3744;5.5;-16.454482671904334;0.004698627621959167
3745;4.0;-17.32050807568877;0.000541940492576001
3746;2.5;-18.186533479473212;0.008690298888983561
3747;1.0;-19.05255888325765;0.005307582677677973
3748;64.0;19.052558883257653;0.002088481413039952
3749;62.5;18.186533479473212;0.002318275376447788
3750;61.0;17.32050807568877;2.214411621674148e-05
3751;59.5;16.454482671904337;0.0019182159755643737
3752;58.0;15.588457268119896;0.0026084222984611685
3753;56.5;14.722431864335455;8.653812153832383e-05
3754;55.0;13.856406460551018;0.0018006987325835178
3755;53.5;12.99038105676658;0.002955820681398075
3756;52.0;12.124355652982143;0.00018870874143505818
3757;50.5;11.258330249197702;0.0017260528298547004
3758;49.0;10.392304845413264;0.0033576436482608283
3759;47.5;9.526279441628827;0.0003246597229867817
3760;46.0;8.660254037844386;0.001684381207712053
3761;44.5;7.794228634059948;0.0038137763092767492
3762;43.0;6.9282032302755105;0.0004929808750417014
3763;41.5;6.0621778264910695;0.0016667055210829004
3764;40.0;5.196152422706632;0.0043277091340966295
3765;38.5;4.3301270189221945;0.0006962708297205943
3766;37.0;3.464101615137757;0.0016643091409555251
3767;35.5;2.598076211353316;0.0049065865069609456
3768;34.0;1.7320508075688785;0.0009427099572818144
3769;32.5;0.866025403784441;0.001666906719192711
3770;31.0;0.0;0.005559952683990959
3771;29.5;-0.8660254037844375;0.0012484938657392711
3772;28.0;-1.7320508075688767;0.0016593861809925195
3773;26.5;-2.5980762113533142;0.006294242984029473
3774;25.0;-3.4641016151377535;0.001640681823227332
3775;23.5;-4.330127018922193;0.0016174994916385453
3776;22.0;-5.19615242270663;0.007096393106306199
3777;20.5;-6.0621778264910695;0.0021555295133278396
3778;19.0;-6.928203230275507;0.0015079521545239372
3779;17.5;-7.794228634059946;0.007904407479857458
3780;16.0;-8.660254037844386;0.0028207309509334774
3781;14.5;-9.526279441628823;0.0013046244746874602
3782;13.0;-10.392304845413262;0.008589985137989961
3783;11.5;-11.258330249197702;0.003616783623123791
3784;10.0;-12.124355652982139;0.001019480060398329
3785;8.5;-12.990381056766578;0.009002345777692634
3786;7.0;-13.856406460551018;0.004448184798557283
3787;5.5;-14.722431864335455;0.0007123267397118725
3788;4.0;-15.588457268119894;0.009069893057561056
3789;2.5;-16.454482671904334;0.005177719293049733
3790;1.0;-17.32050807568877;0.0004522173159114587
3791;64.0;20.784609690826528;0.002301750074597275
3792;62.5;19.918584287042087;5.183142061214357e-06
3793;61.0;19.052558883257646;0.002104223935350739
3794;59.5;18.186533479473212;0.002558091015378561
3795;58.0;17.32050807568877;4.597018539559796e-05
3796;56.5;16.45448267190433;0.001961833008720449
3797;55.0;15.588457268119894;0.0028724423488959575
3798;53.5;14.722431864335457;0.00012455743507868764
3799;52.0;13.85640646055102;0.0018668387596737215
3800;50.5;12.990381056766578;0.0032426259194118217
3801;49.0;12.12435565298214;0.00023710664504535898
3802;47.5;11.258330249197703;0.0018102395808732386
3803;46.0;10.392304845413262;0.003668146682290537
3804;44.5;9.526279441628825;0.00038118708946135603
3805;43.0;8.660254037844387;0.0017835220942980562
3806;41.5;7.794228634059946;0.004151861369969632
3807;40.0;6.928203230275509;0.000557414824024172
3808;38.5;6.062177826491071;0.0017787889952359036
3809;37.0;5.196152422706634;0.004700835096281765
3810;35.5;4.330127018922193;0.0007709891371828509
3811;34.0;3.4641016151377553;0.0017876271110576103
3812;32.5;2.598076211353318;0.005326652825331191
3813;31.0;1.7320508075688767;0.0010340181576883663
3814;29.5;0.8660254037844393;0.0017985179825074932
3815;28.0;0.0;0.00604396941790461
3816;26.5;-0.8660254037844375;0.0013695481087969462
3817;25.0;-1.7320508075688767;0.0017917323141403547
3818;23.5;-2.598076211353316;0.006861503019213197
3819;22.0;-3.4641016151377535;0.0018161269618252773
3820;20.5;-4.330127018922193;0.0017325616136350352
3821;19.0;-5.19615242270663;0.007753107396967036
3822;17.5;-6.0621778264910695;0.0024225465542051174
3823;16.0;-6.928203230275509;0.0015750867811017875
3824;14.5;-7.794228634059947;0.008611453405980537
3825;13.0;-8.660254037844386;0.0032124332373197604
3826;11.5;-9.526279441628823;0.0012962765972140667
3827;10.0;-10.392304845413262;0.009243580728471954
3828;8.5;-11.258330249197702;0.004123469193541031
3829;7.0;-12.124355652982139;0.0009404310242388462
3830;5.5;-12.990381056766578;0.009479195725993672
3831;4.0;-13.856406460551018;0.004994490779603245
3832;2.5;-14.722431864335455;0.0006034035982699306
3833;1.0;-15.588457268119894;0.009316235026603501
3834;62.5;21.650635094610966;0.002301750074597271
3835;61.0;20.784609690826525;0.002525385020277026
3836;59.5;19.91858428704209;1.919656381588795e-05
3837;58.0;19.05255888325765;0.002134087590820961
3838;56.5;18.18653347947321;0.002806490221737972
3839;55.0;17.32050807568877;7.54072262423968e-05
3840;53.5;16.454482671904334;0.0020170372201033754
3841;52.0;15.588457268119896;0.0031440655676664574
3842;50.5;14.722431864335455;0.0001655092083946429
3843;49.0;13.856406460551018;0.0019429601225025876
3844;47.5;12.99038105676658;0.003537547899797685
3845;46.0;12.124355652982139;0.0002866377190263374
3846;44.5;11.258330249197702;0.0019039999679199458
3847;43.0;10.392304845413264;0.003989041753188334
3848;41.5;9.526279441628823;0.00043794329794817936
3849;40.0;8.660254037844386;0.001892932508553819
3850;38.5;7.794228634059948;0.004504755900653155
3851;37.0;6.9282032302755105;0.0006220927068104179
3852;35.5;6.0621778264910695;0.0019027785494394472
3853;34.0;5.196152422706632;0.005096181022188594
3854;32.5;4.3301270189221945;0.0008472291821774425
3855;31.0;3.4641016151377535;0.0019251665701329947
3856;29.5;2.598076211353316;0.005780997755002399
3857;28.0;1.7320508075688767;0.001130569026857912
3858;26.5;0.8660254037844393;0.0019464892395008105
3859;25.0;0.0;0.006581499433058162
3860;23.5;-0.8660254037844393;0.0015052523617586615
3861;22.0;-1.7320508075688767;0.0019392228451118132
3862;20.5;-2.598076211353316;0.0075086816036185906
3863;19.0;-3.4641016151377535;0.00202757465945667
3864;17.5;-4.330127018922193;0.001850989984183716
3865;16.0;-5.196152422706632;0.008508679703880386
3866;14.5;-6.06217782649107;0.0027620429375622
3867;13.0;-6.928203230275509;0.0016194809525082313
3868;11.5;-7.794228634059947;0.00939370087446975
3869;10.0;-8.660254037844386;0.003710913177724513
3870;8.5;-9.526279441628825;0.0012408906117960731
3871;7.0;-10.392304845413264;0.009888417369204034
3872;5.5;-11.258330249197702;0.0047298732419533435
3873;4.0;-12.12435565298214;0.0008172215644532057
3874;2.5;-12.990381056766578;0.009852309116096174
3875;1.0;-13.856406460551018;0.005579271892651934
3876;62.5;23.382685902179844;0.002509534525684141
3877;61.0;22.516660498395403;4.488876850719669e-06
3878;59.5;21.65063509461097;0.0023169312536138057
3879;58.0;20.784609690826528;0.0027579197977565953
3880;56.5;19.918584287042087;3.993879183583138e-05
3881;55.0;19.052558883257646;0.002176838605173891
3882;53.5;18.186533479473212;0.0030625528379108168
3883;52.0;17.32050807568877;0.00010876193280232358
3884;50.5;16.45448267190433;0.0020832897319522773
3885;49.0;15.588457268119894;0.0034231985901971907
3886;47.5;14.722431864335457;0.00020819851426465843
3887;46.0;13.856406460551016;0.0020293406148668928
3888;44.5;12.990381056766578;0.00384134460462685
3889;43.0;12.12435565298214;0.00033649256718411465
3890;41.5;11.2583302491977;0.0020083956537105094
3891;40.0;10.392304845413262;0.004322039797924726
3892;38.5;9.526279441628825;0.00049436757034965
3893;37.0;8.660254037844387;0.002014492686718655
3894;35.5;7.794228634059946;0.004875514787976878
3895;34.0;6.928203230275509;0.0006866515370353443
3896;32.5;6.062177826491071;0.002041549072559954
3897;31.0;5.19615242270663;0.005519108995249003
3898;29.5;4.330127018922193;0.0009250105348517407
3899;28.0;3.4641016151377535;0.002081082852473991
3900;26.5;2.598076211353316;0.006279424892664039
3901;25.0;1.7320508075688767;0.001233680445044811
3902;23.5;0.8660254037844375;0.0021162441354796633
3903;22.0;0.0;0.0071910799367946475
3904;20.5;-0.8660254037844393;0.0016616733241123778
3905;19.0;-1.7320508075688767;0.002105802310618863
3906;17.5;-2.598076211353316;0.008266013611657339
3907;16.0;-3.4641016151377553;0.0022938818648940086
3908;14.5;-4.330127018922194;0.0019667467072185113
3909;13.0;-5.196152422706632;0.009390222408490431
3910;11.5;-6.06217782649107;0.0032103992047636484
3911;10.0;-6.928203230275509;0.0016209257080080576
3912;8.5;-7.794228634059948;0.0102369849875157
3913;7.0;-8.660254037844386;0.004349627970586871
3914;5.5;-9.526279441628825;0.001121500554836763
3915;4.0;-10.392304845413264;0.01045769791268045
3916;2.5;-11.258330249197702;0.005428123346335291
3917;1.0;-12.12435565298214;0.0006544898769577112
3918;61.0;24.248711305964278;0.0025095345256841363
3919;59.5;23.382685902179844;0.002726296730472447
3920;58.0;22.516660498395403;1.664182588434825e-05
3921;56.5;21.650635094610962;0.002346090756125949
3922;55.0;20.784609690826525;0.0029982387616686065
3923;53.5;19.918584287042087;6.56030753213115e-05
3924;52.0;19.05255888325765;0.002231689774438339
3925;50.5;18.18653347947321;0.0033257900111405875
3926;49.0;17.32050807568877;0.00014463896335618483
3927;47.5;16.454482671904334;0.002160531054671944
3928;46.0;15.588457268119893;0.003710101039641649
3929;44.5;14.722431864335455;0.000251615591301117
3930;43.0;13.856406460551018;0.0021267026399760065
3931;41.5;12.990381056766577;0.00415508129193387
3932;40.0;12.124355652982139;0.0003859178736715699
3933;38.5;11.258330249197702;0.002124973034600546
3934;37.0;10.392304845413264;0.004669235974157117
3935;35.5;9.526279441628823;0.000549841892275244
3936;34.0;8.660254037844386;0.0021507499699205458
3937;32.5;7.794228634059948;0.005267887690931977
3938;31.0;6.928203230275507;0.0007505797808242465
3939;29.5;6.0621778264910695;0.0021990467530016407
3940;28.0;5.19615242270663;0.005976523878829012
3941;26.5;4.330127018922193;0.0010041986581422323
3942;25.0;3.4641016151377535;0.0022613571097985187
3943;23.5;2.5980762113533142;0.0068355716711914856
3944;22.0;1.7320508075688767;0.0013450455428049171
3945;20.5;0.8660254037844375;0.002316051519608569
3946;19.0;0.0;0.007901254391158304
3947;17.5;-0.8660254037844393;0.0018489981695800426
3948;16.0;-1.7320508075688785;0.002296100338414115
3949;14.5;-2.598076211353317;0.009179963870489442
3950;13.0;-3.4641016151377553;0.002648554609576979
3951;11.5;-4.330127018922194;0.0020647072679683275
3952;10.0;-5.196152422706632;0.010424294591709668
3953;8.5;-6.062177826491071;0.00382402644686362
3954;7.0;-6.92820323027551;0.0015475784396482733
3955;5.5;-7.794228634059948;0.011086191076919499
3956;4.0;-8.660254037844387;0.005155551688790989
3957;2.5;-9.526279441628825;0.0009278552064154173
3958;1.0;-10.392304845413264;0.010844413695631714
3959;61.0;25.980762113533157;0.002710910048812658
3960;59.5;25.114736709748723;3.8854160018263425e-06
3961;58.0;24.24871130596428;0.0025243395178250563
3962;56.5;23.38268590217984;0.0029509063062507267
3963;55.0;22.516660498395403;3.464245353907003e-05
3964;53.5;21.650635094610966;0.002388315168940438
3965;52.0;20.784609690826528;0.0032455768068227323
3966;50.5;19.918584287042087;9.465733594499506e-05
3967;49.0;19.05255888325765;0.0022982879602477845
3968;47.5;18.186533479473212;0.0035960478852801337
3969;46.0;17.32050807568877;0.00018185988685707943
3970;44.5;16.454482671904334;0.0022491358532817822
3971;43.0;15.588457268119896;0.004005301407382457
3972;41.5;14.722431864335455;0.000294852318311195
3973;40.0;13.856406460551018;0.0022362169601760633
3974;38.5;12.99038105676658;0.0044800864955863865
3975;37.0;12.124355652982143;0.00043413966494832394
3976;35.5;11.258330249197702;0.0022558500175278314
3977;34.0;10.392304845413264;0.005033121677339322
3978;32.5;9.526279441628827;0.0006036022618489682
3979;31.0;8.660254037844386;0.002305142283014081
3980;29.5;7.794228634059948;0.005686458226628823
3981;28.0;6.928203230275509;0.0008130831880946756
3982;26.5;6.062177826491071;0.002380792673405966
3983;25.0;5.196152422706632;0.006477426493648858
3984;23.5;4.330127018922193;0.0010843013989843924
3985;22.0;3.4641016151377553;0.0024749415091988186
3986;20.5;2.598076211353316;0.007469046681908815
3987;19.0;1.7320508075688785;0.0014667577618233613
3988;17.5;0.8660254037844393;0.002559421636179418
3989;16.0;0.0;0.008759220155340816
3990;14.5;-0.8660254037844384;0.002086028802005406
3991;13.0;-1.7320508075688767;0.0025139257085805486
3992;11.5;-2.598076211353315;0.010323204888833664
3993;10.0;-3.4641016151377535;0.0031544087777586913
3994;8.5;-4.330127018922193;0.002110052819027567
3995;7.0;-5.196152422706631;0.011615240338855266
3996;5.5;-6.0621778264910695;0.0046833151327126425
3997;4.0;-6.928203230275509;0.0013583818350830174
3998;2.5;-7.794228634059947;0.011806648427922882
3999;1.0;-8.660254037844386;0.0061148782025892265
4000;59.5;26.8467875173176;0.0027109100488126535
4001;58.0;25.98076211353316;0.002920056403944832
4002;56.5;25.11473670974872;1.4400056299615297e-05
4003;55.0;24.248711305964278;0.002553028703951666
4004;53.5;23.382685902179844;0.0031824591138602584
4005;52.0;22.516660498395403;5.689529386189358e-05
4006;50.5;21.650635094610962;0.002443034968194931
4007;49.0;20.784609690826528;0.0034994639645870382
4008;47.5;19.918584287042087;0.0001257942743824262
4009;46.0;19.052558883257646;0.002376684571313485
4010;44.5;18.186533479473212;0.0038734187293220476
4011;43.0;17.32050807568877;0.0002193876566592906
4012;41.5;16.45448267190433;0.0023498944726480136
4013;40.0;15.588457268119894;0.004309525254355381
4014;38.5;14.722431864335457;0.0003370278664247251
4015;37.0;13.85640646055102;0.0023595432090182155
4016;35.5;12.990381056766578;0.0048179074644645855
4017;34.0;12.12435565298214;0.0004802829387307541
4018;32.5;11.258330249197703;0.002403856436554604
4019;31.0;10.392304845413262;0.005416585662483767
4020;29.5;9.526279441628825;0.0006546208598059497
4021;28.0;8.660254037844386;0.002482336196027907
4022;26.5;7.794228634059948;0.0061367893552380535
4023;25.0;6.928203230275509;0.0008728653863644825
4024;23.5;6.0621778264910695;0.002594696700006382
4025;22.0;5.196152422706632;0.007033656508878204
4026;20.5;4.330127018922193;0.0011640456741177367
4027;19.0;3.4641016151377553;0.0027358687788304474
4028;17.5;2.598076211353316;0.008209049766764478
4029;16.0;1.7320508075688767;0.0016010465550314575
4030;14.5;0.8660254037844384;0.0028705619753455216
4031;13.0;0.0;0.009850699463725725
4032;11.5;-0.8660254037844384;0.00241195183709413
4033;10.0;-1.7320508075688767;0.002755362540410442
4034;8.5;-2.598076211353316;0.011806054819961836
4035;7.0;-3.4641016151377544;0.003933843516165478
4036;5.5;-4.330127018922193;0.0020298327077552985
4037;4.0;-5.196152422706632;0.012879620490891513
4038;2.5;-6.06217782649107;0.005872491578246093
4039;1.0;-6.928203230275509;0.0010256786890385796
4040;59.5;28.578838324886476;0.0029050086831292395
4041;58.0;27.712812921102035;3.3552424183870627e-06
4042;56.5;26.846787517317594;0.002725447032246462
4043;55.0;25.980762113533157;0.0031360621347316965
4044;53.5;25.11473670974872;2.9954280039117578e-05
4045;52.0;24.24871130596428;0.002594907858670376
4046;50.5;23.38268590217984;0.0034202770822490507
4047;49.0;22.516660498395403;8.201236513094493e-05
4048;47.5;21.650635094610966;0.0025100299868219917
4049;46.0;20.784609690826525;0.003759652363487688
4050;44.5;19.918584287042087;0.00015787299636231599
4051;43.0;19.05255888325765;0.0024673119036099363
4052;41.5;18.18653347947321;0.004158158396636127
4053;40.0;17.32050807568877;0.0002562584284375269
4054;38.5;16.454482671904334;0.002464020452556973
4055;37.0;15.588457268119896;0.004623621835690603
4056;35.5;14.722431864335455;0.00037721757187130764
4057;34.0;13.856406460551018;0.0024989059389730803
4058;32.5;12.99038105676658;0.0051702451416840425
4059;31.0;12.124355652982139;0.0005232783461891153
4060;29.5;11.258330249197702;0.0025727394268041416
4061;28.0;10.392304845413262;0.005822870945907172
4062;26.5;9.526279441628825;0.0007014387830686358
4063;25.0;8.660254037844386;0.002688730791742048
4064;23.5;7.794228634059946;0.006625515264090329
4065;22.0;6.928203230275509;0.0009277569376097939
4066;20.5;6.0621778264910695;0.002852392552862274
4067;19.0;5.196152422706632;0.007660784649616036
4068;17.5;4.330127018922193;0.0012404748490984308
4069;16.0;3.4641016151377535;0.003067324440165287
4070;14.5;2.598076211353315;0.009100494291356462
4071;13.0;1.7320508075688767;0.0017488191593723322
4072;11.5;0.8660254037844384;0.0032984122015703035
4073;10.0;0.0;0.011351502707079235
4074;8.5;-0.8660254037844393;0.002921606138027114
4075;7.0;-1.7320508075688776;0.002981573570627129
4076;5.5;-2.598076211353316;0.013764955424164524
4077;4.0;-3.464101615137755;0.005223022576297089
4078;2.5;-4.330127018922194;0.0016989180514411118
4079;1.0;-5.196152422706632;0.01388865015042666
4080;58.0;29.444863728670914;0.002905008683129235
4081;56.5;28.578838324886473;0.0031058178022826
4082;55.0;27.712812921102035;1.2418931111670246e-05
4083;53.5;26.846787517317598;0.0027537835127060236
4084;52.0;25.98076211353316;0.0033581508932458213
4085;50.5;25.11473670974872;4.913051946468109e-05
4086;49.0;24.24871130596428;0.0026495539812081163
4087;47.5;23.382685902179844;0.0036638671315816548
4088;46.0;22.516660498395403;0.0001087783667215567
4089;44.5;21.650635094610966;0.0025894172923736068
4090;43.0;20.784609690826528;0.00402603821820352
4091;41.5;19.918584287042087;0.00018986155748272396
4092;40.0;19.05255888325765;0.0025709724821078137
4093;38.5;18.186533479473212;0.00445060193137955
4094;37.0;17.320508075688775;0.00029151912787633367
4095;35.5;16.454482671904334;0.002593181269540788
4096;34.0;15.588457268119896;0.004948472188806809
4097;32.5;14.722431864335459;0.00041437975114067606
4098;31.0;13.856406460551018;0.002657206306324093
4099;29.5;12.99038105676658;0.005538838757779474
4100;28.0;12.124355652982139;0.0005617467027953983
4101;26.5;11.258330249197702;0.0027674482832088926
4102;25.0;10.392304845413264;0.006255422948680218
4103;23.5;9.526279441628823;0.0007419227518469436
4104;22.0;8.660254037844386;0.002933198276303053
4105;20.5;7.794228634059947;0.007160224860501467
4106;19.0;6.92820323027551;0.0009740838887451193
4107;17.5;6.06217782649107;0.0031714458374027467
4108;16.0;5.196152422706631;0.008378833237378003
4109;14.5;4.330127018922193;0.0013070058453477076
4110;13.0;3.4641016151377544;0.00350984858436946
4111;11.5;2.598076211353316;0.01021370172983762
4112;10.0;1.7320508075688776;0.0019036690038741616
4113;8.5;0.8660254037844384;0.0039579670018248725
4114;7.0;0.0;0.013680637964315973
4115;5.5;-0.8660254037844384;0.0038888284930512517
4116;4.0;-1.7320508075688772;0.003021005526346677
4117;2.5;-2.598076211353316;0.01618853062129829
4118;1.0;-3.4641016151377544;0.007398790627244583
4119;58.0;31.17691453623979;0.0030910486211701486
4120;56.5;30.310889132455348;2.886829676146052e-06
4121;55.0;29.44486372867091;0.002919327051444763
4122;53.5;28.578838324886473;0.0033125604861895157
4123;52.0;27.712812921102035;2.578957013318056e-05
4124;50.5;26.846787517317594;0.002795365003546815
4125;49.0;25.980762113533157;0.0035856776456173927
4126;47.5;25.11473670974872;7.067276790478138e-05
4127;46.0;24.248711305964278;0.00271682553597528
4128;44.5;23.38268590217984;0.003912860715912203
4129;43.0;22.516660498395403;0.00013610829630595226
4130;41.5;21.650635094610962;0.0026816368688234522
4131;40.0;20.784609690826525;0.004298579016206994
4132;38.5;19.918584287042087;0.00022078368379932305
4133;37.0;19.05255888325765;0.002688841502646329
4134;35.5;18.18653347947321;0.0047510652697543435
4135;34.0;17.32050807568877;0.0003241686286469288
4136;32.5;16.454482671904334;0.002739548285908178
4137;31.0;15.588457268119894;0.005284855850891918
4138;29.5;14.722431864335457;0.0004472766913060556
4139;28.0;13.856406460551018;0.0028381678807436706
4140;26.5;12.99038105676658;0.005925251352358281
4141;25.0;12.12435565298214;0.0005938536232849088
4142;23.5;11.258330249197702;0.0029945103880036007
4143;22.0;10.392304845413264;0.0067175036774272
4144;20.5;9.526279441628825;0.0007729161469676523
4145;19.0;8.660254037844387;0.0032281422144402414
4146;17.5;7.794228634059948;0.007748763186969615
4147;16.0;6.928203230275509;0.0010056172013401278
4148;14.5;6.0621778264910695;0.00357897067192272
4149;13.0;5.196152422706632;0.009211591196610703
4150;11.5;4.330127018922193;0.0013493176709754987
4151;10.0;3.464101615137755;0.004138323250762817
4152;8.5;2.5980762113533156;0.011655546458700186
4153;7.0;1.7320508075688772;0.0020293656003503844
4154;5.5;0.8660254037844388;0.005171879239032241
4155;4.0;0.0;0.01803011158013691
4156;2.5;-0.8660254037844386;0.006290484772570416
4157;1.0;-1.7320508075688772;0.0022964778563273162
4158;56.5;32.042939940024226;0.003091048621170143
4159;55.0;31.17691453623979;0.003282862218563352
4160;53.5;30.31088913245535;1.0663293056080182e-05
4161;52.0;29.444863728670914;0.0029473365449306675
4162;50.5;28.578838324886473;0.0035245263056027107
4163;49.0;27.712812921102035;4.220463689135442e-05
4164;47.5;26.846787517317598;0.0028498534320340976
4165;46.0;25.980762113533157;0.0038180940918886527
4166;44.5;25.11473670974872;9.346155453940313e-05
4167;43.0;24.24871130596428;0.0027968561978306064
4168;41.5;23.38268590217984;0.004166942341748853
4169;40.0;22.516660498395403;0.00016300482570595932
4170;38.5;21.650635094610966;0.0027874403315529574
4171;37.0;20.784609690826528;0.004577199916723703
4172;35.5;19.918584287042087;0.00024967053350716847
4173;34.0;19.05255888325765;0.002822478701239859
4174;32.5;18.186533479473212;0.005059717166527463
4175;31.0;17.32050807568877;0.00035310147606754664
4176;29.5;16.454482671904334;0.002905858937988705
4177;28.0;15.588457268119894;0.005633243496204314
4178;26.5;14.722431864335457;0.0004743892423443093
4179;25.0;13.856406460551018;0.003046507433168555
4180;23.5;12.990381056766578;0.006330475907199855
4181;22.0;12.12435565298214;0.0006171333186962199
4182;20.5;11.258330249197702;0.003262489976280095
4183;19.0;10.392304845413264;0.007211335078364336
4184;17.5;9.526279441628825;0.0007897694860486351
4185;16.0;8.660254037844386;0.00359091234818104
4186;14.5;7.794228634059947;0.008397099625620554
4187;13.0;6.928203230275509;0.0010119518579587746
4188;11.5;6.06217782649107;0.00411725553229641
4189;10.0;5.196152422706632;0.010180588750827595
4190;8.5;4.330127018922193;0.0013372992922227234
4191;7.0;3.4641016151377544;0.005096782420455283
4192;5.5;2.598076211353316;0.013558328029649482
4193;4.0;1.7320508075688772;0.001982427087113416
4194;2.5;0.8660254037844386;0.008055384895530093
4195;1.0;0.0;0.028582762028798607
